1 0 0 0 0 0 0 0 0 0 0 0 0 0 0 0 0.204183 0 
1 0 0 0 0 0 0 0 0 0 0 0 0 0 0 0 0.204183 0 
1 0 0 0 0 0 0 0 0 0 0 0 0 0 0 0 0.204183 0 
1 0 0 0 0 0 0 0 0 0 0 0 0 0 0 0 0.204183 0 
1 0 0 0 0 0 0 0 0 0 0 0 0 0 0 0 0.202069 0 
1 0 0 0 0 0 0 0 0 0 0 0 0 0 0 0 0.202069 0 
1 0 0 0 0 0 0 0 0 0 0 0 0 0 0 0 0.202069 0 
1 0 0 0 0 0 0 0 0 0 0 0 0 0 0 0 0.202069 0 
1 0 0 0 0 0 0 0 0 0 0 0 0 0 0 0 0.203361 0 
1 0 0 0 0 0 0 0 0 0 0 0 0 0 0 0 0.203361 0 
1 0 0 0 0 0 0 0 0 0 0 0 0 0 0 0 0.203361 0 
1 0 0 0 0 0 0 0 0 0 0 0 0 0 0 0 0.203361 0 
1 0 0 0 0 0 0 0 0 0 0 0 0 0 0 0 0.203747 0 
1 0 0 0 0 0 0 0 0 0 0 0 0 0 0 0 0.203747 0 
1 0 0 0 0 0 0 0 0 0 0 0 0 0 0 0 0.203747 0 
1 0 0 0 0 0 0 0 0 0 0 0 0 0 0 0 0.203747 0 
1 0 0 0 0 0 0 0 0 0 0 0 0 0 0 0 0.206292 0 
1 0 0 0 0 0 0 0 0 0 0 0 0 0 0 0 0.206292 0 
1 0 0 0 0 0 0 0 0 0 0 0 0 0 0 0 0.206292 0 
1 0 0 0 0 0 0 0 0 0 0 0 0 0 0 0 0.206292 0 
1 0 0 0 0 0 0 0 0 0 0 0 0 0 0 0 0.205775 0 
1 0 0 0 0 0 0 0 0 0 0 0 0 0 0 0 0.205775 0 
1 0 0 0 0 0 0 0 0 0 0 0 0 0 0 0 0.205775 0 
1 0 0 0 0 0 0 0 0 0 0 0 0 0 0 0 0.205775 0 
1 0 0 0 0 0 0 0 0 0 0 0 0 0 0 0 0.203007 0 
1 0 0 0 0 0 0 0 0 0 0 0 0 0 0 0 0.203007 0 
1 0 0 0 0 0 0 0 0 0 0 0 0 0 0 0 0.203007 0 
1 0 0 0 0 0 0 0 0 0 0 0 0 0 0 0 0.203007 0 
1 0 0 0 0 0 0 0 0 0 0 0 0 0 0 0 0.202468 0 
1 0 0 0 0 0 0 0 0 0 0 0 0 0 0 0 0.202468 0 
1 0 0 0 0 0 0 0 0 0 0 0 0 0 0 0 0.202468 0 
1 0 0 0 0 0 0 0 0 0 0 0 0 0 0 0 0.202468 0 
1 0 0 0 0 0 0 0 0 0 0 0 0 0 0 0 0.203393 0 
1 0 0 0 0 0 0 0 0 0 0 0 0 0 0 0 0.203393 0 
1 0 0 0 0 0 0 0 0 0 0 0 0 0 0 0 0.203393 0 
1 0 0 0 0 0 0 0 0 0 0 0 0 0 0 0 0.203393 0 
1 0 0 0 0 0 0 0 0 0 0 0 0 0 0 0 0.207451 0 
1 0 0 0 0 0 0 0 0 0 0 0 0 0 0 0 0.207451 0 
1 0 0 0 0 0 0 0 0 0 0 0 0 0 0 0 0.207451 0 
1 0 0 0 0 0 0 0 0 0 0 0 0 0 0 0 0.207451 0 
1 0 0 0 0 0 0 0 0 0 0 0 0 0 0 0 0.209696 0 
1 0 0 0 0 0 0 0 0 0 0 0 0 0 0 0 0.209696 0 
1 0 0 0 0 0 0 0 0 0 0 0 0 0 0 0 0.209696 0 
1 0 0 0 0 0 0 0 0 0 0 0 0 0 0 0 0.209696 0 
1 0 0 0 0 0 0 0 0 0 0 0 0 0 0 0 0.206213 0 
1 0 0 0 0 0 0 0 0 0 0 0 0 0 0 0 0.206213 0 
1 0 0 0 0 0 0 0 0 0 0 0 0 0 0 0 0.206213 0 
1 0 0 0 0 0 0 0 0 0 0 0 0 0 0 0 0.206213 0 
1 0 0 0 0 0 0 0 0 0 0 0 0 0 0 0 0.205993 0 
1 0 0 0 0 0 0 0 0 0 0 0 0 0 0 0 0.205993 0 
1 0 0 0 0 0 0 0 0 0 0 0 0 0 0 0 0.205993 0 
1 0 0 0 0 0 0 0 0 0 0 0 0 0 0 0 0.205993 0 
1 0 0 0 0 0 0 0 0 0 0 0 0 0 0 0 0.205577 0 
1 0 0 0 0 0 0 0 0 0 0 0 0 0 0 0 0.205577 0 
1 0 0 0 0 0 0 0 0 0 0 0 0 0 0 0 0.205577 0 
1 0 0 0 0 0 0 0 0 0 0 0 0 0 0 0 0.205577 0 
1 0 0 0 0 0 0 0 0 0 0 0 0 0 0 0 0.20549 0 
1 0 0 0 0 0 0 0 0 0 0 0 0 0 0 0 0.20549 0 
1 0 0 0 0 0 0 0 0 0 0 0 0 0 0 0 0.20549 0 
1 0 0 0 0 0 0 0 0 0 0 0 0 0 0 0 0.20549 0 
1 0 0 0 0 0 0 0 0 0 0 0 0 0 0 0 0.20597 0 
1 0 0 0 0 0 0 0 0 0 0 0 0 0 0 0 0.20597 0 
1 0 0 0 0 0 0 0 0 0 0 0 0 0 0 0 0.20597 0 
1 0 0 0 0 0 0 0 0 0 0 0 0 0 0 0 0.20597 0 
1 0 0 0 0 0 0 0 0 0 0 0 0 0 0 0 0.203657 0 
1 0 0 0 0 0 0 0 0 0 0 0 0 0 0 0 0.203657 0 
1 0 0 0 0 0 0 0 0 0 0 0 0 0 0 0 0.203657 0 
1 0 0 0 0 0 0 0 0 0 0 0 0 0 0 0 0.203657 0 
1 0 0 0 0 0 0 0 0 0 0 0 0 0 0 0 0.203217 0 
1 0 0 0 0 0 0 0 0 0 0 0 0 0 0 0 0.203217 0 
1 0 0 0 0 0 0 0 0 0 0 0 0 0 0 0 0.203217 0 
1 0 0 0 0 0 0 0 0 0 0 0 0 0 0 0 0.203217 0 
1 0 0 0 0 0 0 0 0 0 0 0 0 0 0 0 0.202071 0 
1 0 0 0 0 0 0 0 0 0 0 0 0 0 0 0 0.202071 0 
1 0 0 0 0 0 0 0 0 0 0 0 0 0 0 0 0.202071 0 
1 0 0 0 0 0 0 0 0 0 0 0 0 0 0 0 0.202071 0 
1 0 0 0 0 0 0 0 0 0 0 0 0 0 0 0 0.201693 0 
1 0 0 0 0 0 0 0 0 0 0 0 0 0 0 0 0.201693 0 
1 0 0 0 0 0 0 0 0 0 0 0 0 0 0 0 0.201693 0 
1 0 0 0 0 0 0 0 0 0 0 0 0 0 0 0 0.201693 0 
1 0 0 0 0 0 0 0 0 0 0 0 0 0 0 0 0.203743 0 
1 0 0 0 0 0 0 0 0 0 0 0 0 0 0 0 0.203743 0 
1 0 0 0 0 0 0 0 0 0 0 0 0 0 0 0 0.203743 0 
1 0 0 0 0 0 0 0 0 0 0 0 0 0 0 0 0.203743 0 
1 0 0 0 0 0 0 0 0 0 0 0 0 0 0 0 0.204189 0 
1 0 0 0 0 0 0 0 0 0 0 0 0 0 0 0 0.204189 0 
1 0 0 0 0 0 0 0 0 0 0 0 0 0 0 0 0.204189 0 
1 0 0 0 0 0 0 0 0 0 0 0 0 0 0 0 0.204189 0 
1 0 0 0 0 0 0 0 0 0 0 0 0 0 0 0 0.204724 0 
1 0 0 0 0 0 0 0 0 0 0 0 0 0 0 0 0.204724 0 
1 0 0 0 0 0 0 0 0 0 0 0 0 0 0 0 0.204724 0 
1 0 0 0 0 0 0 0 0 0 0 0 0 0 0 0 0.204724 0 
1 0 0 0 0 0 0 0 0 0 0 0 0 0 0 0 0.204902 0 
1 0 0 0 0 0 0 0 0 0 0 0 0 0 0 0 0.204902 0 
1 0 0 0 0 0 0 0 0 0 0 0 0 0 0 0 0.204902 0 
1 0 0 0 0 0 0 0 0 0 0 0 0 0 0 0 0.204902 0 
1 0 0 0 0 0 0 0 0 0 0 0 0 0 0 0 0.202209 0 
1 0 0 0 0 0 0 0 0 0 0 0 0 0 0 0 0.202209 0 
1 0 0 0 0 0 0 0 0 0 0 0 0 0 0 0 0.202209 0 
1 0 0 0 0 0 0 0 0 0 0 0 0 0 0 0 0.202209 0 
1 0 0 0 0 0 0 0 0 0 0 0 0 0 0 0 0.20293 0 
1 0 0 0 0 0 0 0 0 0 0 0 0 0 0 0 0.20293 0 
1 0 0 0 0 0 0 0 0 0 0 0 0 0 0 0 0.20293 0 
1 0 0 0 0 0 0 0 0 0 0 0 0 0 0 0 0.20293 0 
1 0 0 0 0 0 0 0 0 0 0 0 0 0 0 0 0.201578 0 
1 0 0 0 0 0 0 0 0 0 0 0 0 0 0 0 0.201578 0 
1 0 0 0 0 0 0 0 0 0 0 0 0 0 0 0 0.201578 0 
1 0 0 0 0 0 0 0 0 0 0 0 0 0 0 0 0.201578 0 
1 0 0 0 0 0 0 0 0 0 0 0 0 0 0 0 0.201848 0 
1 0 0 0 0 0 0 0 0 0 0 0 0 0 0 0 0.201848 0 
1 0 0 0 0 0 0 0 0 0 0 0 0 0 0 0 0.201848 0 
1 0 0 0 0 0 0 0 0 0 0 0 0 0 0 0 0.201848 0 
1 0 0 0 0 0 0 0 0 0 0 0 0 0 0 0 0.201082 0 
1 0 0 0 0 0 0 0 0 0 0 0 0 0 0 0 0.201082 0 
1 0 0 0 0 0 0 0 0 0 0 0 0 0 0 0 0.201082 0 
1 0 0 0 0 0 0 0 0 0 0 0 0 0 0 0 0.201082 0 
1 0 0 0 0 0 0 0 0 0 0 0 0 0 0 0 0.201668 0 
1 0 0 0 0 0 0 0 0 0 0 0 0 0 0 0 0.201668 0 
1 0 0 0 0 0 0 0 0 0 0 0 0 0 0 0 0.201668 0 
1 0 0 0 0 0 0 0 0 0 0 0 0 0 0 0 0.201668 0 
1 0 0 0 0 0 0 0 0 0 0 0 0 0 0 0 0.202254 0 
1 0 0 0 0 0 0 0 0 0 0 0 0 0 0 0 0.202254 0 
1 0 0 0 0 0 0 0 0 0 0 0 0 0 0 0 0.202254 0 
1 0 0 0 0 0 0 0 0 0 0 0 0 0 0 0 0.202254 0 
1 0 0 0 0 0 0 0 0 0 0 0 0 0 0 0 0.203065 0 
1 0 0 0 0 0 0 0 0 0 0 0 0 0 0 0 0.203065 0 
1 0 0 0 0 0 0 0 0 0 0 0 0 0 0 0 0.203065 0 
1 0 0 0 0 0 0 0 0 0 0 0 0 0 0 0 0.203065 0 
1 0 0 0 0 0 0 0 0 0 0 0 0 0 0 0 0.205229 0 
1 0 0 0 0 0 0 0 0 0 0 0 0 0 0 0 0.205229 0 
1 0 0 0 0 0 0 0 0 0 0 0 0 0 0 0 0.205229 0 
1 0 0 0 0 0 0 0 0 0 0 0 0 0 0 0 0.205229 0 
1 0 0 0 0 0 0 0 0 0 0 0 0 0 0 0 0.206551 0 
1 0 0 0 0 0 0 0 0 0 0 0 0 0 0 0 0.206389 0 
1 0 0 0 0 0 0 0 0 0 0 0 0 0 0 0 0.206551 0 
1 0 0 0 0 0 0 0 0 0 0 0 0 0 0 0 0.206389 0 
1 0 0 0 0 0 0 0 0 0 0 0 0 0 0 0 0.205815 0 
1 0 0 0 0 0 0 0 0 0 0 0 0 0 0 0 0.20566 0 
1 0 0 0 0 0 0 0 0 0 0 0 0 0 0 0 0.205815 0 
1 0 0 0 0 0 0 0 0 0 0 0 0 0 0 0 0.20566 0 
1 0 0 0 0 0 0 0 0 0 0 0 0 0 0 0 0.207843 0 
1 0 0 0 0 0 0 0 0 0 0 0 0 0 0 0 0.207665 0 
1 0 0 0 0 0 0 0 0 0 0 0 0 0 0 0 0.207843 0 
1 0 0 0 0 0 0 0 0 0 0 0 0 0 0 0 0.207665 0 
1 0 0 0 0 0 0 0 0 0 0 0 0 0 0 0 0.209015 0 
1 0 0 0 0 0 0 0 0 0 0 0 0 0 0 0 0.208824 0 
1 0 0 0 0 0 0 0 0 0 0 0 0 0 0 0 0.209015 0 
1 0 0 0 0 0 0 0 0 0 0 0 0 0 0 0 0.208824 0 
1 0 0 0 0 0 0 0 0 0 0 0 0 0 0 0 0.205952 0 
1 0 0 0 0 0 0 0 0 0 0 0 0 0 0 0 0.205952 0 
1 0 0 0 0 0 0 0 0 0 0 0 0 0 0 0 0.205952 0 
1 0 0 0 0 0 0 0 0 0 0 0 0 0 0 0 0.205952 0 
1 0 0 0 0 0 0 0 0 0 0 0 0 0 0 0 0.204383 0 
1 0 0 0 0 0 0 0 0 0 0 0 0 0 0 0 0.204383 0 
1 0 0 0 0 0 0 0 0 0 0 0 0 0 0 0 0.204383 0 
1 0 0 0 0 0 0 0 0 0 0 0 0 0 0 0 0.204383 0 
1 0 0 0 0 0 0 0 0 0 0 0 0 0 0 0 0.206136 0 
1 0 0 0 0 0 0 0 0 0 0 0 0 0 0 0 0.206136 0 
1 0 0 0 0 0 0 0 0 0 0 0 0 0 0 0 0.206136 0 
1 0 0 0 0 0 0 0 0 0 0 0 0 0 0 0 0.206136 0 
1 0 0 0 0 0 0 0 0 0 0 0 0 0 0 0 0.204995 0 
1 0 0 0 0 0 0 0 0 0 0 0 0 0 0 0 0.204995 0 
1 0 0 0 0 0 0 0 0 0 0 0 0 0 0 0 0.204995 0 
1 0 0 0 0 0 0 0 0 0 0 0 0 0 0 0 0.204995 0 
1 0 0 0 0 0 0 0 0 0 0 0 0 0 0 0 0.206209 0 
1 0 0 0 0 0 0 0 0 0 0 0 0 0 0 0 0.206209 0 
1 0 0 0 0 0 0 0 0 0 0 0 0 0 0 0 0.206209 0 
1 0 0 0 0 0 0 0 0 0 0 0 0 0 0 0 0.206209 0 
1 0 0 0 0 0 0 0 0 0 0 0 0 0 0 0 0.204482 0 
1 0 0 0 0 0 0 0 0 0 0 0 0 0 0 0 0.204482 0 
1 0 0 0 0 0 0 0 0 0 0 0 0 0 0 0 0.204482 0 
1 0 0 0 0 0 0 0 0 0 0 0 0 0 0 0 0.204482 0 
1 0 0 0 0 0 0 0 0 0 0 0 0 0 0 0 0.204435 0 
1 0 0 0 0 0 0 0 0 0 0 0 0 0 0 0 0.204435 0 
1 0 0 0 0 0 0 0 0 0 0 0 0 0 0 0 0.204435 0 
1 0 0 0 0 0 0 0 0 0 0 0 0 0 0 0 0.204435 0 
1 0 0 0 0 0 0 0 0 0 0 0 0 0 0 0 0.204809 0 
1 0 0 0 0 0 0 0 0 0 0 0 0 0 0 0 0.204809 0 
1 0 0 0 0 0 0 0 0 0 0 0 0 0 0 0 0.204809 0 
1 0 0 0 0 0 0 0 0 0 0 0 0 0 0 0 0.204809 0 
1 0 0 0 0 0 0 0 0 0 0 0 0 0 0 0 0.204529 0 
1 0 0 0 0 0 0 0 0 0 0 0 0 0 0 0 0.204529 0 
1 0 0 0 0 0 0 0 0 0 0 0 0 0 0 0 0.204529 0 
1 0 0 0 0 0 0 0 0 0 0 0 0 0 0 0 0.204529 0 
1 0 0 0 0 0 0 0 0 0 0 0 0 0 0 0 0.204529 0 
1 0 0 0 0 0 0 0 0 0 0 0 0 0 0 0 0.204529 0 
1 0 0 0 0 0 0 0 0 0 0 0 0 0 0 0 0.204529 0 
1 0 0 0 0 0 0 0 0 0 0 0 0 0 0 0 0.204529 0 
1 0 0 0 0 0 0 0 0 0 0 0 0 0 0 0 0.205602 0 
1 0 0 0 0 0 0 0 0 0 0 0 0 0 0 0 0.205602 0 
1 0 0 0 0 0 0 0 0 0 0 0 0 0 0 0 0.205602 0 
1 0 0 0 0 0 0 0 0 0 0 0 0 0 0 0 0.205602 0 
1 0 0 0 0 0 0 0 0 0 0 0 0 0 0 0 0.206909 0 
1 0 0 0 0 0 0 0 0 0 0 0 0 0 0 0 0.206909 0 
1 0 0 0 0 0 0 0 0 0 0 0 0 0 0 0 0.206909 0 
1 0 0 0 0 0 0 0 0 0 0 0 0 0 0 0 0.206909 0 
1 0 0 0 0 0 0 0 0 0 0 0 0 0 0 0 0.209104 0 
1 0 0 0 0 0 0 0 0 0 0 0 0 0 0 0 0.209104 0 
1 0 0 0 0 0 0 0 0 0 0 0 0 0 0 0 0.209104 0 
1 0 0 0 0 0 0 0 0 0 0 0 0 0 0 0 0.209104 0 
