1 0 0 0 0 0 0 0 0 0 0 0 0 0 0 0 0.943898 0.687219 
1 0 0 0 0 0 0 0 0 0 0 0 0 0 0 0 0.93417 0.673474 
1 0 0 0 0 0 0 0 0 0 0 0 0 0 0 0 0.943898 0.687219 
1 0 0 0 0 0 0 0 0 0 0 0 0 0 0 0 0.93417 0.673474 
1 0 0 0 0 0 0 0 0 0 0 0 0 0 0 0 0.944885 0.688002 
1 0 0 0 0 0 0 0 0 0 0 0 0 0 0 0 0.935137 0.674242 
1 0 0 0 0 0 0 0 0 0 0 0 0 0 0 0 0.944885 0.688002 
1 0 0 0 0 0 0 0 0 0 0 0 0 0 0 0 0.935137 0.674242 
1 0 0 0 0 0 0 0 0 0 0 0 0 0 0 0 0.943444 0.686284 
1 0 0 0 0 0 0 0 0 0 0 0 0 0 0 0 0.933726 0.672559 
1 0 0 0 0 0 0 0 0 0 0 0 0 0 0 0 0.943444 0.686284 
1 0 0 0 0 0 0 0 0 0 0 0 0 0 0 0 0.933726 0.672559 
1 0 0 0 0 0 0 0 0 0 0 0 0 0 0 0 0.945337 0.685156 
1 0 0 0 0 0 0 0 0 0 0 0 0 0 0 0 0.935645 0.671544 
1 0 0 0 0 0 0 0 0 0 0 0 0 0 0 0 0.945337 0.685156 
1 0 0 0 0 0 0 0 0 0 0 0 0 0 0 0 0.935645 0.671544 
1 0 0 0 0 0 0 0 0 0 0 0 0 0 0 0 0.942993 0.681373 
1 0 0 0 0 0 0 0 0 0 0 0 0 0 0 0 0.933411 0.667925 
1 0 0 0 0 0 0 0 0 0 0 0 0 0 0 0 0.942993 0.681373 
1 0 0 0 0 0 0 0 0 0 0 0 0 0 0 0 0.933411 0.667925 
1 0 0 0 0 0 0 0 0 0 0 0 0 0 0 0 0.946832 0.687619 
1 0 0 0 0 0 0 0 0 0 0 0 0 0 0 0 0.943508 0.682973 
1 0 0 0 0 0 0 0 0 0 0 0 0 0 0 0 0.946832 0.687619 
1 0 0 0 0 0 0 0 0 0 0 0 0 0 0 0 0.943508 0.682973 
1 0 0 0 0 0 0 0 0 0 0 0 0 0 0 0 0.945734 0.687351 
1 0 0 0 0 0 0 0 0 0 0 0 0 0 0 0 0.94244 0.682738 
1 0 0 0 0 0 0 0 0 0 0 0 0 0 0 0 0.945734 0.687351 
1 0 0 0 0 0 0 0 0 0 0 0 0 0 0 0 0.94244 0.682738 
1 0 0 0 0 0 0 0 0 0 0 0 0 0 0 0 0.945867 0.686695 
1 0 0 0 0 0 0 0 0 0 0 0 0 0 0 0 0.936164 0.673052 
1 0 0 0 0 0 0 0 0 0 0 0 0 0 0 0 0.945867 0.686695 
1 0 0 0 0 0 0 0 0 0 0 0 0 0 0 0 0.936164 0.673052 
1 0 0 0 0 0 0 0 0 0 0 0 0 0 0 0 0.945814 0.687007 
1 0 0 0 0 0 0 0 0 0 0 0 0 0 0 0 0.942519 0.682396 
1 0 0 0 0 0 0 0 0 0 0 0 0 0 0 0 0.945814 0.687007 
1 0 0 0 0 0 0 0 0 0 0 0 0 0 0 0 0.942519 0.682396 
1 0 0 0 0 0 0 0 0 0 0 0 0 0 0 0 0.946105 0.687166 
1 0 0 0 0 0 0 0 0 0 0 0 0 0 0 0 0.936398 0.673514 
1 0 0 0 0 0 0 0 0 0 0 0 0 0 0 0 0.946105 0.687166 
1 0 0 0 0 0 0 0 0 0 0 0 0 0 0 0 0.936398 0.673514 
1 0 0 0 0 0 0 0 0 0 0 0 0 0 0 0 0.945628 0.686821 
1 0 0 0 0 0 0 0 0 0 0 0 0 0 0 0 0.945628 0.686821 
1 0 0 0 0 0 0 0 0 0 0 0 0 0 0 0 0.945628 0.686821 
1 0 0 0 0 0 0 0 0 0 0 0 0 0 0 0 0.945628 0.686821 
1 0 0 0 0 0 0 0 0 0 0 0 0 0 0 0 0.950712 0.694718 
1 0 0 0 0 0 0 0 0 0 0 0 0 0 0 0 0.954131 0.699509 
1 0 0 0 0 0 0 0 0 0 0 0 0 0 0 0 0.950712 0.694718 
1 0 0 0 0 0 0 0 0 0 0 0 0 0 0 0 0.954131 0.699509 
1 0 0 0 0 0 0 0 0 0 0 0 0 0 0 0 0.947419 0.689361 
1 0 0 0 0 0 0 0 0 0 0 0 0 0 0 0 0.964678 0.713635 
1 0 0 0 0 0 0 0 0 0 0 0 0 0 0 0 0.947419 0.689361 
1 0 0 0 0 0 0 0 0 0 0 0 0 0 0 0 0.964678 0.713635 
1 0 0 0 0 0 0 0 0 0 0 0 0 0 0 0 0.951249 0.694221 
1 0 0 0 0 0 0 0 0 0 0 0 0 0 0 0 0.965231 0.713776 
1 0 0 0 0 0 0 0 0 0 0 0 0 0 0 0 0.951249 0.694221 
1 0 0 0 0 0 0 0 0 0 0 0 0 0 0 0 0.965231 0.713776 
1 0 0 0 0 0 0 0 0 0 0 0 0 0 0 0 0.951088 0.693924 
1 0 0 0 0 0 0 0 0 0 0 0 0 0 0 0 0.961497 0.708481 
1 0 0 0 0 0 0 0 0 0 0 0 0 0 0 0 0.951088 0.693924 
1 0 0 0 0 0 0 0 0 0 0 0 0 0 0 0 0.961497 0.708481 
1 0 0 0 0 0 0 0 0 0 0 0 0 0 0 0 0.948513 0.69015 
1 0 0 0 0 0 0 0 0 0 0 0 0 0 0 0 0.96147 0.709455 
1 0 0 0 0 0 0 0 0 0 0 0 0 0 0 0 0.948513 0.69015 
1 0 0 0 0 0 0 0 0 0 0 0 0 0 0 0 0.96147 0.709455 
1 0 0 0 0 0 0 0 0 0 0 0 0 0 0 0 0.953291 0.696562 
1 0 0 0 0 0 0 0 0 0 0 0 0 0 0 0 0.963719 0.711176 
1 0 0 0 0 0 0 0 0 0 0 0 0 0 0 0 0.953291 0.696562 
1 0 0 0 0 0 0 0 0 0 0 0 0 0 0 0 0.963719 0.711176 
1 0 0 0 0 0 0 0 0 0 0 0 0 0 0 0 0.952834 0.695949 
1 0 0 0 0 0 0 0 0 0 0 0 0 0 0 0 0.959722 0.705615 
1 0 0 0 0 0 0 0 0 0 0 0 0 0 0 0 0.952834 0.695949 
1 0 0 0 0 0 0 0 0 0 0 0 0 0 0 0 0.959722 0.705615 
1 0 0 0 0 0 0 0 0 0 0 0 0 0 0 0 0.945787 0.685535 
1 0 0 0 0 0 0 0 0 0 0 0 0 0 0 0 0.959096 0.704578 
1 0 0 0 0 0 0 0 0 0 0 0 0 0 0 0 0.945787 0.685535 
1 0 0 0 0 0 0 0 0 0 0 0 0 0 0 0 0.959096 0.704578 
1 0 0 0 0 0 0 0 0 0 0 0 0 0 0 0 0.946794 0.686844 
1 0 0 0 0 0 0 0 0 0 0 0 0 0 0 0 0.95994 0.705923 
1 0 0 0 0 0 0 0 0 0 0 0 0 0 0 0 0.946794 0.686844 
1 0 0 0 0 0 0 0 0 0 0 0 0 0 0 0 0.95994 0.705923 
1 0 0 0 0 0 0 0 0 0 0 0 0 0 0 0 0.944807 0.683467 
1 0 0 0 0 0 0 0 0 0 0 0 0 0 0 0 0.951222 0.69283 
1 0 0 0 0 0 0 0 0 0 0 0 0 0 0 0 0.944807 0.683467 
1 0 0 0 0 0 0 0 0 0 0 0 0 0 0 0 0.951222 0.69283 
1 0 0 0 0 0 0 0 0 0 0 0 0 0 0 0 0.946112 0.687212 
1 0 0 0 0 0 0 0 0 0 0 0 0 0 0 0 0.939808 0.677988 
1 0 0 0 0 0 0 0 0 0 0 0 0 0 0 0 0.946112 0.687212 
1 0 0 0 0 0 0 0 0 0 0 0 0 0 0 0 0.939808 0.677988 
1 0 0 0 0 0 0 0 0 0 0 0 0 0 0 0 0.946592 0.686803 
1 0 0 0 0 0 0 0 0 0 0 0 0 0 0 0 0.940282 0.677585 
1 0 0 0 0 0 0 0 0 0 0 0 0 0 0 0 0.946592 0.686803 
1 0 0 0 0 0 0 0 0 0 0 0 0 0 0 0 0.940282 0.677585 
1 0 0 0 0 0 0 0 0 0 0 0 0 0 0 0 0.945734 0.684785 
1 0 0 0 0 0 0 0 0 0 0 0 0 0 0 0 0.945734 0.684785 
1 0 0 0 0 0 0 0 0 0 0 0 0 0 0 0 0.945734 0.684785 
1 0 0 0 0 0 0 0 0 0 0 0 0 0 0 0 0.945734 0.684785 
1 0 0 0 0 0 0 0 0 0 0 0 0 0 0 0 0.939817 0.675312 
1 0 0 0 0 0 0 0 0 0 0 0 0 0 0 0 0.939817 0.675312 
1 0 0 0 0 0 0 0 0 0 0 0 0 0 0 0 0.939817 0.675312 
1 0 0 0 0 0 0 0 0 0 0 0 0 0 0 0 0.939817 0.675312 
1 0 0 0 0 0 0 0 0 0 0 0 0 0 0 0 0.937021 0.671127 
1 0 0 0 0 0 0 0 0 0 0 0 0 0 0 0 0.93077 0.662354 
1 0 0 0 0 0 0 0 0 0 0 0 0 0 0 0 0.937021 0.671127 
1 0 0 0 0 0 0 0 0 0 0 0 0 0 0 0 0.93077 0.662354 
1 0 0 0 0 0 0 0 0 0 0 0 0 0 0 0 0.934598 0.668133 
1 0 0 0 0 0 0 0 0 0 0 0 0 0 0 0 0.931514 0.663766 
1 0 0 0 0 0 0 0 0 0 0 0 0 0 0 0 0.934598 0.668133 
1 0 0 0 0 0 0 0 0 0 0 0 0 0 0 0 0.931514 0.663766 
1 0 0 0 0 0 0 0 0 0 0 0 0 0 0 0 0.942414 0.680831 
1 0 0 0 0 0 0 0 0 0 0 0 0 0 0 0 0.942414 0.680831 
1 0 0 0 0 0 0 0 0 0 0 0 0 0 0 0 0.942414 0.680831 
1 0 0 0 0 0 0 0 0 0 0 0 0 0 0 0 0.942414 0.680831 
1 0 0 0 0 0 0 0 0 0 0 0 0 0 0 0 0.941914 0.680561 
1 0 0 0 0 0 0 0 0 0 0 0 0 0 0 0 0.938928 0.676024 
1 0 0 0 0 0 0 0 0 0 0 0 0 0 0 0 0.941914 0.680561 
1 0 0 0 0 0 0 0 0 0 0 0 0 0 0 0 0.938928 0.676024 
1 0 0 0 0 0 0 0 0 0 0 0 0 0 0 0 0.942782 0.683132 
1 0 0 0 0 0 0 0 0 0 0 0 0 0 0 0 0.939791 0.678578 
1 0 0 0 0 0 0 0 0 0 0 0 0 0 0 0 0.942782 0.683132 
1 0 0 0 0 0 0 0 0 0 0 0 0 0 0 0 0.939791 0.678578 
1 0 0 0 0 0 0 0 0 0 0 0 0 0 0 0 0.944388 0.685687 
1 0 0 0 0 0 0 0 0 0 0 0 0 0 0 0 0.935269 0.672153 
1 0 0 0 0 0 0 0 0 0 0 0 0 0 0 0 0.944388 0.685687 
1 0 0 0 0 0 0 0 0 0 0 0 0 0 0 0 0.935269 0.672153 
1 0 0 0 0 0 0 0 0 0 0 0 0 0 0 0 0.944651 0.686076 
1 0 0 0 0 0 0 0 0 0 0 0 0 0 0 0 0.941386 0.681502 
1 0 0 0 0 0 0 0 0 0 0 0 0 0 0 0 0.944651 0.686076 
1 0 0 0 0 0 0 0 0 0 0 0 0 0 0 0 0.941386 0.681502 
1 0 0 0 0 0 0 0 0 0 0 0 0 0 0 0 0.943556 0.683997 
1 0 0 0 0 0 0 0 0 0 0 0 0 0 0 0 0.943556 0.683997 
1 0 0 0 0 0 0 0 0 0 0 0 0 0 0 0 0.943556 0.683997 
1 0 0 0 0 0 0 0 0 0 0 0 0 0 0 0 0.943556 0.683997 
1 0 0 0 0 0 0 0 0 0 0 0 0 0 0 0 0.94306 0.681972 
1 0 0 0 0 0 0 0 0 0 0 0 0 0 0 0 0.937026 0.673115 
1 0 0 0 0 0 0 0 0 0 0 0 0 0 0 0 0.94306 0.681972 
1 0 0 0 0 0 0 0 0 0 0 0 0 0 0 0 0.937026 0.673115 
1 0 0 0 0 0 0 0 0 0 0 0 0 0 0 0 0.942467 0.681898 
1 0 0 0 0 0 0 0 0 0 0 0 0 0 0 0 0.936568 0.673042 
1 0 0 0 0 0 0 0 0 0 0 0 0 0 0 0 0.942467 0.681898 
1 0 0 0 0 0 0 0 0 0 0 0 0 0 0 0 0.936568 0.673042 
1 0 0 0 0 0 0 0 0 0 0 0 0 0 0 0 0.943637 0.6834 
1 0 0 0 0 0 0 0 0 0 0 0 0 0 0 0 0.943637 0.6834 
1 0 0 0 0 0 0 0 0 0 0 0 0 0 0 0 0.943637 0.6834 
1 0 0 0 0 0 0 0 0 0 0 0 0 0 0 0 0.943637 0.6834 
1 0 0 0 0 0 0 0 0 0 0 0 0 0 0 0 0.948065 0.689842 
1 0 0 0 0 0 0 0 0 0 0 0 0 0 0 0 0.94217 0.680883 
1 0 0 0 0 0 0 0 0 0 0 0 0 0 0 0 0.948065 0.689842 
1 0 0 0 0 0 0 0 0 0 0 0 0 0 0 0 0.94217 0.680883 
1 0 0 0 0 0 0 0 0 0 0 0 0 0 0 0 0.947188 0.690221 
1 0 0 0 0 0 0 0 0 0 0 0 0 0 0 0 0.941304 0.681258 
1 0 0 0 0 0 0 0 0 0 0 0 0 0 0 0 0.947188 0.690221 
1 0 0 0 0 0 0 0 0 0 0 0 0 0 0 0 0.941304 0.681258 
1 0 0 0 0 0 0 0 0 0 0 0 0 0 0 0 0.947859 0.690991 
1 0 0 0 0 0 0 0 0 0 0 0 0 0 0 0 0.941966 0.682017 
1 0 0 0 0 0 0 0 0 0 0 0 0 0 0 0 0.947859 0.690991 
1 0 0 0 0 0 0 0 0 0 0 0 0 0 0 0 0.941966 0.682017 
1 0 0 0 0 0 0 0 0 0 0 0 0 0 0 0 0.94741 0.690137 
1 0 0 0 0 0 0 0 0 0 0 0 0 0 0 0 0.941484 0.681116 
1 0 0 0 0 0 0 0 0 0 0 0 0 0 0 0 0.94741 0.690137 
1 0 0 0 0 0 0 0 0 0 0 0 0 0 0 0 0.941484 0.681116 
1 0 0 0 0 0 0 0 0 0 0 0 0 0 0 0 0.944866 0.686059 
1 0 0 0 0 0 0 0 0 0 0 0 0 0 0 0 0.94192 0.681575 
1 0 0 0 0 0 0 0 0 0 0 0 0 0 0 0 0.944866 0.686059 
1 0 0 0 0 0 0 0 0 0 0 0 0 0 0 0 0.94192 0.681575 
1 0 0 0 0 0 0 0 0 0 0 0 0 0 0 0 0.944737 0.686616 
1 0 0 0 0 0 0 0 0 0 0 0 0 0 0 0 0.941792 0.682128 
1 0 0 0 0 0 0 0 0 0 0 0 0 0 0 0 0.944737 0.686616 
1 0 0 0 0 0 0 0 0 0 0 0 0 0 0 0 0.941792 0.682128 
1 0 0 0 0 0 0 0 0 0 0 0 0 0 0 0 0.948215 0.690118 
1 0 0 0 0 0 0 0 0 0 0 0 0 0 0 0 0.942279 0.681097 
1 0 0 0 0 0 0 0 0 0 0 0 0 0 0 0 0.948215 0.690118 
1 0 0 0 0 0 0 0 0 0 0 0 0 0 0 0 0.942279 0.681097 
1 0 0 0 0 0 0 0 0 0 0 0 0 0 0 0 0.941635 0.679781 
1 0 0 0 0 0 0 0 0 0 0 0 0 0 0 0 0.941635 0.679781 
1 0 0 0 0 0 0 0 0 0 0 0 0 0 0 0 0.941635 0.679781 
1 0 0 0 0 0 0 0 0 0 0 0 0 0 0 0 0.941635 0.679781 
1 0 0 0 0 0 0 0 0 0 0 0 0 0 0 0 0.942832 0.680662 
1 0 0 0 0 0 0 0 0 0 0 0 0 0 0 0 0.942832 0.680662 
1 0 0 0 0 0 0 0 0 0 0 0 0 0 0 0 0.942832 0.680662 
1 0 0 0 0 0 0 0 0 0 0 0 0 0 0 0 0.942832 0.680662 
1 0 0 0 0 0 0 0 0 0 0 0 0 0 0 0 0.941202 0.678117 
1 0 0 0 0 0 0 0 0 0 0 0 0 0 0 0 0.941202 0.678117 
1 0 0 0 0 0 0 0 0 0 0 0 0 0 0 0 0.941202 0.678117 
1 0 0 0 0 0 0 0 0 0 0 0 0 0 0 0 0.941202 0.678117 
1 0 0 0 0 0 0 0 0 0 0 0 0 0 0 0 0.940924 0.678688 
1 0 0 0 0 0 0 0 0 0 0 0 0 0 0 0 0.940924 0.678688 
1 0 0 0 0 0 0 0 0 0 0 0 0 0 0 0 0.940924 0.678688 
1 0 0 0 0 0 0 0 0 0 0 0 0 0 0 0 0.940924 0.678688 
1 0 0 0 0 0 0 0 0 0 0 0 0 0 0 0 0.944029 0.683134 
1 0 0 0 0 0 0 0 0 0 0 0 0 0 0 0 0.950078 0.692123 
1 0 0 0 0 0 0 0 0 0 0 0 0 0 0 0 0.944029 0.683134 
1 0 0 0 0 0 0 0 0 0 0 0 0 0 0 0 0.950078 0.692123 
1 0 0 0 0 0 0 0 0 0 0 0 0 0 0 0 0.945124 0.683558 
1 0 0 0 0 0 0 0 0 0 0 0 0 0 0 0 0.951187 0.692553 
1 0 0 0 0 0 0 0 0 0 0 0 0 0 0 0 0.945124 0.683558 
1 0 0 0 0 0 0 0 0 0 0 0 0 0 0 0 0.951187 0.692553 
1 0 0 0 0 0 0 0 0 0 0 0 0 0 0 0 0.943799 0.68287 
1 0 0 0 0 0 0 0 0 0 0 0 0 0 0 0 0.946867 0.687333 
1 0 0 0 0 0 0 0 0 0 0 0 0 0 0 0 0.943799 0.68287 
1 0 0 0 0 0 0 0 0 0 0 0 0 0 0 0 0.946867 0.687333 
1 0 0 0 0 0 0 0 0 0 0 0 0 0 0 0 0.943799 0.682843 
1 0 0 0 0 0 0 0 0 0 0 0 0 0 0 0 0.946867 0.687306 
1 0 0 0 0 0 0 0 0 0 0 0 0 0 0 0 0.943799 0.682843 
1 0 0 0 0 0 0 0 0 0 0 0 0 0 0 0 0.946867 0.687306 
1 0 0 0 0 0 0 0 0 0 0 0 0 0 0 0 0.943996 0.683383 
1 0 0 0 0 0 0 0 0 0 0 0 0 0 0 0 0.947085 0.687879 
1 0 0 0 0 0 0 0 0 0 0 0 0 0 0 0 0.943996 0.683383 
1 0 0 0 0 0 0 0 0 0 0 0 0 0 0 0 0.947085 0.687879 
1 0 0 0 0 0 0 0 0 0 0 0 0 0 0 0 0.943586 0.683914 
1 0 0 0 0 0 0 0 0 0 0 0 0 0 0 0 0.946672 0.688414 
1 0 0 0 0 0 0 0 0 0 0 0 0 0 0 0 0.943586 0.683914 
1 0 0 0 0 0 0 0 0 0 0 0 0 0 0 0 0.946672 0.688414 
1 0 0 0 0 0 0 0 0 0 0 0 0 0 0 0 0.944175 0.684266 
1 0 0 0 0 0 0 0 0 0 0 0 0 0 0 0 0.950396 0.693329 
1 0 0 0 0 0 0 0 0 0 0 0 0 0 0 0 0.944175 0.684266 
1 0 0 0 0 0 0 0 0 0 0 0 0 0 0 0 0.950396 0.693329 
1 0 0 0 0 0 0 0 0 0 0 0 0 0 0 0 0.945253 0.685928 
1 0 0 0 0 0 0 0 0 0 0 0 0 0 0 0 0.95153 0.695074 
1 0 0 0 0 0 0 0 0 0 0 0 0 0 0 0 0.945253 0.685928 
1 0 0 0 0 0 0 0 0 0 0 0 0 0 0 0 0.95153 0.695074 
1 0 0 0 0 0 0 0 0 0 0 0 0 0 0 0 0.946259 0.687764 
1 0 0 0 0 0 0 0 0 0 0 0 0 0 0 0 0.952549 0.696934 
1 0 0 0 0 0 0 0 0 0 0 0 0 0 0 0 0.946259 0.687764 
1 0 0 0 0 0 0 0 0 0 0 0 0 0 0 0 0.952549 0.696934 
1 0 0 0 0 0 0 0 0 0 0 0 0 0 0 0 0.946491 0.687653 
1 0 0 0 0 0 0 0 0 0 0 0 0 0 0 0 0.946491 0.687653 
1 0 0 0 0 0 0 0 0 0 0 0 0 0 0 0 0.946491 0.687653 
1 0 0 0 0 0 0 0 0 0 0 0 0 0 0 0 0.946491 0.687653 
1 0 0 0 0 0 0 0 0 0 0 0 0 0 0 0 0.945611 0.687441 
1 0 0 0 0 0 0 0 0 0 0 0 0 0 0 0 0.945611 0.687441 
1 0 0 0 0 0 0 0 0 0 0 0 0 0 0 0 0.945611 0.687441 
1 0 0 0 0 0 0 0 0 0 0 0 0 0 0 0 0.945611 0.687441 
1 0 0 0 0 0 0 0 0 0 0 0 0 0 0 0 0.946001 0.688547 
1 0 0 0 0 0 0 0 0 0 0 0 0 0 0 0 0.946001 0.688547 
1 0 0 0 0 0 0 0 0 0 0 0 0 0 0 0 0.946001 0.688547 
1 0 0 0 0 0 0 0 0 0 0 0 0 0 0 0 0.946001 0.688547 
1 0 0 0 0 0 0 0 0 0 0 0 0 0 0 0 0.946104 0.687816 
1 0 0 0 0 0 0 0 0 0 0 0 0 0 0 0 0.946104 0.687816 
1 0 0 0 0 0 0 0 0 0 0 0 0 0 0 0 0.946104 0.687816 
1 0 0 0 0 0 0 0 0 0 0 0 0 0 0 0 0.946104 0.687816 
1 0 0 0 0 0 0 0 0 0 0 0 0 0 0 0 0.943653 0.685274 
1 0 0 0 0 0 0 0 0 0 0 0 0 0 0 0 0.949987 0.694411 
1 0 0 0 0 0 0 0 0 0 0 0 0 0 0 0 0.943653 0.685274 
1 0 0 0 0 0 0 0 0 0 0 0 0 0 0 0 0.949987 0.694411 
1 0 0 0 0 0 0 0 0 0 0 0 0 0 0 0 0.944892 0.68708 
1 0 0 0 0 0 0 0 0 0 0 0 0 0 0 0 0.951242 0.696241 
1 0 0 0 0 0 0 0 0 0 0 0 0 0 0 0 0.944892 0.68708 
1 0 0 0 0 0 0 0 0 0 0 0 0 0 0 0 0.951242 0.696241 
1 0 0 0 0 0 0 0 0 0 0 0 0 0 0 0 0.944634 0.687034 
1 0 0 0 0 0 0 0 0 0 0 0 0 0 0 0 0.950981 0.696194 
1 0 0 0 0 0 0 0 0 0 0 0 0 0 0 0 0.944634 0.687034 
1 0 0 0 0 0 0 0 0 0 0 0 0 0 0 0 0.950981 0.696194 
1 0 0 0 0 0 0 0 0 0 0 0 0 0 0 0 0.94435 0.687753 
1 0 0 0 0 0 0 0 0 0 0 0 0 0 0 0 0.950693 0.696923 
1 0 0 0 0 0 0 0 0 0 0 0 0 0 0 0 0.94435 0.687753 
1 0 0 0 0 0 0 0 0 0 0 0 0 0 0 0 0.950693 0.696923 
1 0 0 0 0 0 0 0 0 0 0 0 0 0 0 0 0.944195 0.687996 
1 0 0 0 0 0 0 0 0 0 0 0 0 0 0 0 0.950536 0.697169 
1 0 0 0 0 0 0 0 0 0 0 0 0 0 0 0 0.944195 0.687996 
1 0 0 0 0 0 0 0 0 0 0 0 0 0 0 0 0.950536 0.697169 
1 0 0 0 0 0 0 0 0 0 0 0 0 0 0 0 0.945614 0.68936 
1 0 0 0 0 0 0 0 0 0 0 0 0 0 0 0 0.951974 0.698552 
1 0 0 0 0 0 0 0 0 0 0 0 0 0 0 0 0.945614 0.68936 
1 0 0 0 0 0 0 0 0 0 0 0 0 0 0 0 0.951974 0.698552 
1 0 0 0 0 0 0 0 0 0 0 0 0 0 0 0 0.94397 0.687987 
1 0 0 0 0 0 0 0 0 0 0 0 0 0 0 0 0.94397 0.687987 
1 0 0 0 0 0 0 0 0 0 0 0 0 0 0 0 0.94397 0.687987 
1 0 0 0 0 0 0 0 0 0 0 0 0 0 0 0 0.94397 0.687987 
1 0 0 0 0 0 0 0 0 0 0 0 0 0 0 0 0.944637 0.685347 
1 0 0 0 0 0 0 0 0 0 0 0 0 0 0 0 0.944637 0.685347 
1 0 0 0 0 0 0 0 0 0 0 0 0 0 0 0 0.944637 0.685347 
1 0 0 0 0 0 0 0 0 0 0 0 0 0 0 0 0.944637 0.685347 
1 0 0 0 0 0 0 0 0 0 0 0 0 0 0 0 0.943842 0.686044 
1 0 0 0 0 0 0 0 0 0 0 0 0 0 0 0 0.943842 0.686044 
1 0 0 0 0 0 0 0 0 0 0 0 0 0 0 0 0.943842 0.686044 
1 0 0 0 0 0 0 0 0 0 0 0 0 0 0 0 0.943842 0.686044 
