0 0 0.0155039 0 0.0232558 0.96124 0 0 0 0 0 0 0 0 0 0 0.930203 0.782286 
0 0 0.0155039 0 0.0232558 0.96124 0 0 0 0 0 0 0 0 0 0 0.930203 0.782286 
0 0 0.0155039 0 0.0232558 0.96124 0 0 0 0 0 0 0 0 0 0 0.930324 0.782262 
0 0 0.0155039 0 0.0232558 0.96124 0 0 0 0 0 0 0 0 0 0 0.930324 0.782262 
0 0 0.00775194 0.00775194 0.0155039 0.968992 0 0 0 0 0 0 0 0 0 0 0.931236 0.783219 
0 0 0.00775194 0.00775194 0.0155039 0.968992 0 0 0 0 0 0 0 0 0 0 0.931236 0.783219 
0 0 0.0078125 0.0078125 0.015625 0.96875 0 0 0 0 0 0 0 0 0 0 0.929841 0.781984 
0 0 0.0078125 0.0078125 0.015625 0.96875 0 0 0 0 0 0 0 0 0 0 0.929841 0.781984 
0 0 0.00775194 0.00775194 0.0155039 0.968992 0 0 0 0 0 0 0 0 0 0 0.925947 0.776581 
0 0 0.00775194 0.00775194 0.0155039 0.968992 0 0 0 0 0 0 0 0 0 0 0.925947 0.776581 
0 0 0.00769231 0.00769231 0.0153846 0.969231 0 0 0 0 0 0 0 0 0 0 0.926546 0.776837 
0 0 0.00769231 0.00769231 0.0153846 0.969231 0 0 0 0 0 0 0 0 0 0 0.926546 0.776837 
0 0 0.00769231 0.0153846 0.00769231 0.969231 0 0 0 0 0 0 0 0 0 0 0.925219 0.775863 
0 0 0.00769231 0.0153846 0.00769231 0.969231 0 0 0 0 0 0 0 0 0 0 0.925219 0.775863 
0 0 0.00763359 0.0152672 0.0152672 0.961832 0 0 0 0 0 0 0 0 0 0 0.921839 0.771034 
0 0 0.00763359 0.0152672 0.0152672 0.961832 0 0 0 0 0 0 0 0 0 0 0.921839 0.771034 
0 0 0.00763359 0.0152672 0.0152672 0.961832 0 0 0 0 0 0 0 0 0 0 0.922168 0.771802 
0 0 0.00763359 0.0152672 0.0152672 0.961832 0 0 0 0 0 0 0 0 0 0 0.922168 0.771802 
0 0 0.00763359 0.0152672 0.0152672 0.961832 0 0 0 0 0 0 0 0 0 0 0.921719 0.771266 
0 0 0.00763359 0.0152672 0.0152672 0.961832 0 0 0 0 0 0 0 0 0 0 0.921719 0.771266 
0 0 0.00763359 0.0152672 0.0152672 0.961832 0 0 0 0 0 0 0 0 0 0 0.921869 0.771338 
0 0 0.00763359 0.0152672 0.0152672 0.961832 0 0 0 0 0 0 0 0 0 0 0.921869 0.771338 
0 0 0.00769231 0.0153846 0.0153846 0.961538 0 0 0 0 0 0 0 0 0 0 0.920905 0.770833 
0 0 0.00769231 0.0153846 0.0153846 0.961538 0 0 0 0 0 0 0 0 0 0 0.920905 0.770833 
0 0 0.0078125 0.0078125 0.015625 0.96875 0 0 0 0 0 0 0 0 0 0 0.922886 0.770762 
0 0 0.0078125 0.0078125 0.015625 0.96875 0 0 0 0 0 0 0 0 0 0 0.922886 0.770762 
0 0 0.00775194 0.00775194 0.0155039 0.968992 0 0 0 0 0 0 0 0 0 0 0.922633 0.769826 
0 0 0.00775194 0.00775194 0.0155039 0.968992 0 0 0 0 0 0 0 0 0 0 0.922633 0.769826 
0 0 0.00775194 0.00775194 0.0155039 0.968992 0 0 0 0 0 0 0 0 0 0 0.922299 0.768694 
0 0 0.00775194 0.00775194 0.0155039 0.968992 0 0 0 0 0 0 0 0 0 0 0.922299 0.768694 
0 0 0.00775194 0 0.0155039 0.976744 0 0 0 0 0 0 0 0 0 0 0.922147 0.767962 
0 0 0.00775194 0 0.0155039 0.976744 0 0 0 0 0 0 0 0 0 0 0.922147 0.767962 
0 0 0.00775194 0 0.0232558 0.968992 0 0 0 0 0 0 0 0 0 0 0.920991 0.767515 
0 0 0.00775194 0 0.0232558 0.968992 0 0 0 0 0 0 0 0 0 0 0.920991 0.767515 
0 0 0.00775194 0 0.0232558 0.968992 0 0 0 0 0 0 0 0 0 0 0.921691 0.76935 
0 0 0.00775194 0 0.0232558 0.968992 0 0 0 0 0 0 0 0 0 0 0.921691 0.76935 
0 0 0.0078125 0 0.0234375 0.96875 0 0 0 0 0 0 0 0 0 0 0.920956 0.768903 
0 0 0.0078125 0 0.0234375 0.96875 0 0 0 0 0 0 0 0 0 0 0.920956 0.768903 
0 0 0.00787402 0 0.023622 0.968504 0 0 0 0 0 0 0 0 0 0 0.922465 0.771315 
0 0 0.00787402 0 0.023622 0.968504 0 0 0 0 0 0 0 0 0 0 0.922465 0.771315 
0 0 0.00787402 0 0.023622 0.968504 0 0 0 0 0 0 0 0 0 0 0.922804 0.771593 
0 0 0.00787402 0 0.023622 0.968504 0 0 0 0 0 0 0 0 0 0 0.922804 0.771593 
0 0 0.00787402 0 0.023622 0.968504 0 0 0 0 0 0 0 0 0 0 0.92231 0.771864 
0 0 0.00787402 0 0.023622 0.968504 0 0 0 0 0 0 0 0 0 0 0.92231 0.771864 
0 0 0.00787402 0 0.023622 0.968504 0 0 0 0 0 0 0 0 0 0 0.922742 0.772601 
0 0 0.00787402 0 0.023622 0.968504 0 0 0 0 0 0 0 0 0 0 0.922742 0.772601 
0 0 0.00793651 0 0.0238095 0.968254 0 0 0 0 0 0 0 0 0 0 0.92409 0.775002 
0 0 0.00793651 0 0.0238095 0.968254 0 0 0 0 0 0 0 0 0 0 0.92409 0.775002 
0 0 0.00793651 0 0.0238095 0.968254 0 0 0 0 0 0 0 0 0 0 0.924899 0.777257 
0 0 0.00793651 0 0.0238095 0.968254 0 0 0 0 0 0 0 0 0 0 0.924899 0.777257 
0 0 0 0 0.015873 0.984127 0 0 0 0 0 0 0 0 0 0 0.925615 0.777892 
0 0 0 0 0.015873 0.984127 0 0 0 0 0 0 0 0 0 0 0.925615 0.777892 
0 0 0 0 0.016 0.984 0 0 0 0 0 0 0 0 0 0 0.924989 0.778288 
0 0 0 0 0.016 0.984 0 0 0 0 0 0 0 0 0 0 0.924989 0.778288 
0 0 0 0 0.008 0.992 0 0 0 0 0 0 0 0 0 0 0.925898 0.777784 
0 0 0 0 0.008 0.992 0 0 0 0 0 0 0 0 0 0 0.925898 0.777784 
0 0 0 0 0.008 0.992 0 0 0 0 0 0 0 0 0 0 0.925773 0.777279 
0 0 0 0 0.008 0.992 0 0 0 0 0 0 0 0 0 0 0.925773 0.777279 
0 0 0 0 0.00806452 0.991935 0 0 0 0 0 0 0 0 0 0 0.92587 0.776724 
0 0 0 0 0.00806452 0.991935 0 0 0 0 0 0 0 0 0 0 0.92587 0.776724 
0 0 0 0 0.016 0.984 0 0 0 0 0 0 0 0 0 0 0.925867 0.774865 
0 0 0 0 0.016 0.984 0 0 0 0 0 0 0 0 0 0 0.925867 0.774865 
0 0 0.00806452 0 0.016129 0.975806 0 0 0 0 0 0 0 0 0 0 0.925048 0.773259 
0 0 0.00806452 0 0.016129 0.975806 0 0 0 0 0 0 0 0 0 0 0.925048 0.773259 
0 0 0.00806452 0 0.016129 0.975806 0 0 0 0 0 0 0 0 0 0 0.925396 0.774188 
0 0 0.00806452 0 0.016129 0.975806 0 0 0 0 0 0 0 0 0 0 0.925396 0.774188 
0 0 0.00806452 0 0.0241935 0.967742 0 0 0 0 0 0 0 0 0 0 0.9247 0.772367 
0 0 0.00806452 0 0.0241935 0.967742 0 0 0 0 0 0 0 0 0 0 0.9247 0.772367 
0 0 0.00806452 0 0.0241935 0.967742 0 0 0 0 0 0 0 0 0 0 0.925301 0.773239 
0 0.008 0.008 0 0.024 0.96 0 0 0 0 0 0 0 0 0 0 0.922259 0.771359 
0 0.00806452 0.00806452 0 0.016129 0.967742 0 0 0 0 0 0 0 0 0 0 0.921949 0.770769 
0 0.008 0.008 0 0.016 0.968 0 0 0 0 0 0 0 0 0 0 0.91771 0.770113 
0 0.008 0.008 0 0.016 0.968 0 0 0 0 0 0 0 0 0 0 0.91771 0.770113 
0 0 0.008 0.008 0.016 0.968 0 0 0 0 0 0 0 0 0 0 0.916487 0.769931 
0 0 0.008 0.008 0.016 0.968 0 0 0 0 0 0 0 0 0 0 0.916487 0.769931 
0 0 0.008 0.008 0.016 0.968 0 0 0 0 0 0 0 0 0 0 0.918589 0.772971 
0 0 0.008 0.008 0.016 0.968 0 0 0 0 0 0 0 0 0 0 0.918589 0.772971 
0 0 0.00806452 0.00806452 0.0241935 0.959677 0 0 0 0 0 0 0 0 0 0 0.922075 0.777786 
0 0 0.00806452 0.00806452 0.0241935 0.959677 0 0 0 0 0 0 0 0 0 0 0.922075 0.777786 
0 0 0.00806452 0.00806452 0.0241935 0.959677 0 0 0 0 0 0 0 0 0 0 0.922613 0.778813 
0 0 0.00806452 0.00806452 0.0241935 0.959677 0 0 0 0 0 0 0 0 0 0 0.922613 0.778813 
0 0 0.00793651 0 0.031746 0.960317 0 0 0 0 0 0 0 0 0 0 0.921351 0.775651 
0 0 0.00793651 0 0.031746 0.960317 0 0 0 0 0 0 0 0 0 0 0.921351 0.775651 
0 0 0.00806452 0 0.0322581 0.959677 0 0 0 0 0 0 0 0 0 0 0.920462 0.775341 
0 0 0.00806452 0 0.0322581 0.959677 0 0 0 0 0 0 0 0 0 0 0.920462 0.775341 
0 0 0.00813008 0 0.0325203 0.95935 0 0 0 0 0 0 0 0 0 0 0.920772 0.777201 
0 0 0.00813008 0 0.0325203 0.95935 0 0 0 0 0 0 0 0 0 0 0.920772 0.777201 
0 0 0.00813008 0 0.0325203 0.95935 0 0 0 0 0 0 0 0 0 0 0.920581 0.777015 
0 0 0.00813008 0 0.0325203 0.95935 0 0 0 0 0 0 0 0 0 0 0.920581 0.777015 
0 0 0.00813008 0 0.0325203 0.95935 0 0 0 0 0 0 0 0 0 0 0.920676 0.777244 
0 0 0.00813008 0 0.0325203 0.95935 0 0 0 0 0 0 0 0 0 0 0.920676 0.777244 
0 0 0.00813008 0 0.0325203 0.95935 0 0 0 0 0 0 0 0 0 0 0.921378 0.77777 
0 0 0.00813008 0 0.0325203 0.95935 0 0 0 0 0 0 0 0 0 0 0.921378 0.77777 
0 0 0.00813008 0 0.0243902 0.96748 0 0 0 0 0 0 0 0 0 0 0.920517 0.775694 
0 0 0.00813008 0 0.0243902 0.96748 0 0 0 0 0 0 0 0 0 0 0.920517 0.775694 
0 0 0.0162602 0 0.0162602 0.96748 0 0 0 0 0 0 0 0 0 0 0.919433 0.774797 
0 0 0.0162602 0 0.0162602 0.96748 0 0 0 0 0 0 0 0 0 0 0.919433 0.774797 
0 0 0.0162602 0 0.0162602 0.96748 0 0 0 0 0 0 0 0 0 0 0.919784 0.775132 
0 0 0.0162602 0 0.0162602 0.96748 0 0 0 0 0 0 0 0 0 0 0.919784 0.775132 
0 0 0.0162602 0 0.0162602 0.96748 0 0 0 0 0 0 0 0 0 0 0.919943 0.775389 
0 0 0.0162602 0 0.0162602 0.96748 0 0 0 0 0 0 0 0 0 0 0.919943 0.775389 
0 0 0.0162602 0 0.0162602 0.96748 0 0 0 0 0 0 0 0 0 0 0.920007 0.775697 
0 0 0.0162602 0 0.0162602 0.96748 0 0 0 0 0 0 0 0 0 0 0.920007 0.775697 
0 0 0.0162602 0 0.0162602 0.96748 0 0 0 0 0 0 0 0 0 0 0.921569 0.779612 
0 0 0.0162602 0 0.0162602 0.96748 0 0 0 0 0 0 0 0 0 0 0.921569 0.779612 
0 0 0.0162602 0 0.00813008 0.97561 0 0 0 0 0 0 0 0 0 0 0.922908 0.780113 
0 0 0.0162602 0 0.00813008 0.97561 0 0 0 0 0 0 0 0 0 0 0.922908 0.780113 
0 0 0.0165289 0 0.00826446 0.975207 0 0 0 0 0 0 0 0 0 0 0.923157 0.782426 
0 0 0.0165289 0 0.00826446 0.975207 0 0 0 0 0 0 0 0 0 0 0.923157 0.782426 
0 0 0.0163934 0 0.00819672 0.97541 0 0 0 0 0 0 0 0 0 0 0.920155 0.777969 
0 0 0.0163934 0 0.00819672 0.97541 0 0 0 0 0 0 0 0 0 0 0.920155 0.777969 
0 0 0.0163934 0 0.00819672 0.97541 0 0 0 0 0 0 0 0 0 0 0.920219 0.777925 
0 0 0.0163934 0 0.00819672 0.97541 0 0 0 0 0 0 0 0 0 0 0.920219 0.777925 
0 0 0.0165289 0 0.0165289 0.966942 0 0 0 0 0 0 0 0 0 0 0.918717 0.776874 
0 0 0.0165289 0 0.0165289 0.966942 0 0 0 0 0 0 0 0 0 0 0.918166 0.778105 
0 0 0.0165289 0 0.0165289 0.966942 0 0 0 0 0 0 0 0 0 0 0.918166 0.778105 
0 0 0.0165289 0 0.0165289 0.966942 0 0 0 0 0 0 0 0 0 0 0.918296 0.77803 
0 0 0.0166667 0 0.00833333 0.975 0 0 0 0 0 0 0 0 0 0 0.918759 0.778757 
0 0 0.0166667 0 0.00833333 0.975 0 0 0 0 0 0 0 0 0 0 0.918301 0.777688 
0 0 0.0166667 0 0.00833333 0.975 0 0 0 0 0 0 0 0 0 0 0.917615 0.778317 
0 0 0.0165289 0 0.00826446 0.975207 0 0 0 0 0 0 0 0 0 0 0.919398 0.779143 
0 0 0.0163934 0 0.00819672 0.97541 0 0 0 0 0 0 0 0 0 0 0.915912 0.773233 
0 0 0.0163934 0 0.00819672 0.97541 0 0 0 0 0 0 0 0 0 0 0.916973 0.774983 
0 0 0.0163934 0 0.00819672 0.97541 0 0 0 0 0 0 0 0 0 0 0.916844 0.775082 
0 0 0.0165289 0 0.00826446 0.975207 0 0 0 0 0 0 0 0 0 0 0.916351 0.774858 
0 0 0.0165289 0 0.00826446 0.975207 0 0 0 0 0 0 0 0 0 0 0.916448 0.775422 
0 0 0.0165289 0 0.00826446 0.975207 0 0 0 0 0 0 0 0 0 0 0.915282 0.774282 
0 0 0.0166667 0 0.00833333 0.975 0 0 0 0 0 0 0 0 0 0 0.91634 0.77699 
0 0 0.0166667 0 0.0166667 0.966667 0 0 0 0 0 0 0 0 0 0 0.915393 0.77648 
0 0 0.0166667 0 0.0166667 0.966667 0 0 0 0 0 0 0 0 0 0 0.915295 0.776274 
0 0 0.0166667 0 0.0166667 0.966667 0 0 0 0 0 0 0 0 0 0 0.914085 0.778163 
0 0 0.0166667 0 0.0166667 0.966667 0 0 0 0 0 0 0 0 0 0 0.915131 0.779606 
0 0.00833333 0.00833333 0 0.025 0.958333 0 0 0 0 0 0 0 0 0 0 0.914412 0.779863 
0 0.00819672 0.00819672 0 0.0245902 0.959016 0 0 0 0 0 0 0 0 0 0 0.913694 0.776318 
0 0.00819672 0.00819672 0 0.0245902 0.959016 0 0 0 0 0 0 0 0 0 0 0.913597 0.776519 
0 0.00819672 0.00819672 0 0.0245902 0.959016 0 0 0 0 0 0 0 0 0 0 0.913597 0.776519 
0 0.00819672 0.00819672 0 0.0245902 0.959016 0 0 0 0 0 0 0 0 0 0 0.913276 0.775537 
0 0.00819672 0.00819672 0 0.0245902 0.959016 0 0 0 0 0 0 0 0 0 0 0.913276 0.775537 
0 0.00813008 0.00813008 0 0.0243902 0.95935 0 0 0 0 0 0 0 0 0 0 0.913917 0.775972 
0 0.00813008 0.00813008 0 0.0243902 0.95935 0 0 0 0 0 0 0 0 0 0 0.913917 0.775972 
0 0.00813008 0.00813008 0 0.0162602 0.96748 0 0 0 0 0 0 0 0 0 0 0.915161 0.777218 
0 0.00813008 0.00813008 0 0.0162602 0.96748 0 0 0 0 0 0 0 0 0 0 0.915161 0.777218 
0 0 0.00819672 0 0.0163934 0.97541 0 0 0 0 0 0 0 0 0 0 0.918708 0.780719 
0 0 0.00819672 0 0.0163934 0.97541 0 0 0 0 0 0 0 0 0 0 0.918708 0.780719 
0 0 0.00813008 0 0.0243902 0.96748 0 0 0 0 0 0 0 0 0 0 0.919305 0.779396 
0 0 0.00813008 0 0.0243902 0.96748 0 0 0 0 0 0 0 0 0 0 0.919305 0.779396 
0 0 0.00813008 0 0.0243902 0.96748 0 0 0 0 0 0 0 0 0 0 0.919465 0.779769 
0 0 0.00813008 0 0.0243902 0.96748 0 0 0 0 0 0 0 0 0 0 0.919465 0.779769 
0 0 0 0 0.0325203 0.96748 0 0 0 0 0 0 0 0 0 0 0.919337 0.780103 
0 0 0 0 0.0325203 0.96748 0 0 0 0 0 0 0 0 0 0 0.919337 0.780103 
0 0 0 0 0.0325203 0.96748 0 0 0 0 0 0 0 0 0 0 0.920326 0.779066 
0 0 0 0 0.0325203 0.96748 0 0 0 0 0 0 0 0 0 0 0.920326 0.779066 
0 0 0 0 0.0325203 0.96748 0 0 0 0 0 0 0 0 0 0 0.919146 0.780349 
0 0 0 0 0.0325203 0.96748 0 0 0 0 0 0 0 0 0 0 0.919146 0.780349 
0 0 0 0 0.0325203 0.96748 0 0 0 0 0 0 0 0 0 0 0.917711 0.77817 
0 0 0 0 0.0325203 0.96748 0 0 0 0 0 0 0 0 0 0 0.917711 0.77817 
0 0 0 0 0.0327869 0.967213 0 0 0 0 0 0 0 0 0 0 0.916651 0.777145 
0 0 0 0 0.0327869 0.967213 0 0 0 0 0 0 0 0 0 0 0.916651 0.777145 
0 0 0 0 0.0327869 0.967213 0 0 0 0 0 0 0 0 0 0 0.915205 0.775197 
0 0 0 0 0.0327869 0.967213 0 0 0 0 0 0 0 0 0 0 0.915205 0.775197 
