0.0840708 0 0 0 0 0 0 0 0.90708 0.00884956 0 0 0 0 0 0 0.97097 0.445296 
0.0881057 0 0 0 0 0 0 0 0.903084 0.00881057 0 0 0 0 0 0 0.970925 0.443334 
0.0840708 0 0 0 0 0 0 0 0.90708 0.00884956 0 0 0 0 0 0 0.97097 0.445296 
0.0881057 0 0 0 0 0 0 0 0.903084 0.00881057 0 0 0 0 0 0 0.970925 0.443334 
0.0840708 0 0 0 0 0 0 0 0.90708 0.00884956 0 0 0 0 0 0 0.97071 0.445291 
0.0881057 0 0 0 0 0 0 0 0.903084 0.00881057 0 0 0 0 0 0 0.970666 0.44333 
0.0840708 0 0 0 0 0 0 0 0.90708 0.00884956 0 0 0 0 0 0 0.97071 0.445291 
0.0881057 0 0 0 0 0 0 0 0.903084 0.00881057 0 0 0 0 0 0 0.970666 0.44333 
0.0837004 0 0 0 0 0 0 0 0.911894 0.00440529 0 0 0 0 0 0 0.970874 0.445482 
0.0877193 0 0 0 0 0 0 0 0.907895 0.00438596 0 0 0 0 0 0 0.970829 0.443528 
0.0837004 0 0 0 0 0 0 0 0.911894 0.00440529 0 0 0 0 0 0 0.970874 0.445482 
0.0877193 0 0 0 0 0 0 0 0.907895 0.00438596 0 0 0 0 0 0 0.970829 0.443528 
0.0837004 0 0 0 0 0 0 0 0.911894 0.00440529 0 0 0 0 0 0 0.97058 0.445559 
0.0877193 0 0 0 0 0 0 0 0.907895 0.00438596 0 0 0 0 0 0 0.970537 0.443605 
0.0837004 0 0 0 0 0 0 0 0.911894 0.00440529 0 0 0 0 0 0 0.97058 0.445559 
0.0877193 0 0 0 0 0 0 0 0.907895 0.00438596 0 0 0 0 0 0 0.970537 0.443605 
0.0877193 0 0 0 0 0 0 0 0.907895 0.00438596 0 0 0 0 0 0 0.970743 0.444063 
0.0917031 0 0 0 0 0 0 0 0.90393 0.00436681 0 0 0 0 0 0 0.970717 0.442124 
0.0877193 0 0 0 0 0 0 0 0.907895 0.00438596 0 0 0 0 0 0 0.970743 0.444063 
0.0917031 0 0 0 0 0 0 0 0.90393 0.00436681 0 0 0 0 0 0 0.970717 0.442124 
0.0877193 0 0 0 0 0 0 0 0.907895 0.00438596 0 0 0 0 0 0 0.970692 0.443914 
0.0917031 0 0 0 0 0 0 0 0.90393 0.00436681 0 0 0 0 0 0 0.970666 0.441976 
0.0877193 0 0 0 0 0 0 0 0.907895 0.00438596 0 0 0 0 0 0 0.970692 0.443914 
0.0917031 0 0 0 0 0 0 0 0.90393 0.00436681 0 0 0 0 0 0 0.970666 0.441976 
0.0877193 0 0 0 0 0 0 0 0.907895 0.00438596 0 0 0 0 0 0 0.971019 0.443865 
0.0917031 0 0 0 0 0 0 0 0.90393 0.00436681 0 0 0 0 0 0 0.970991 0.441927 
0.0877193 0 0 0 0 0 0 0 0.907895 0.00438596 0 0 0 0 0 0 0.971019 0.443865 
0.0917031 0 0 0 0 0 0 0 0.90393 0.00436681 0 0 0 0 0 0 0.970991 0.441927 
0.0873362 0 0 0 0 0 0 0 0.908297 0.00436681 0 0 0 0 0 0 0.969844 0.443029 
0.0913043 0 0 0 0 0 0 0 0.904348 0.00434783 0 0 0 0 0 0 0.969821 0.441102 
0.0873362 0 0 0 0 0 0 0 0.908297 0.00436681 0 0 0 0 0 0 0.969844 0.443029 
0.0913043 0 0 0 0 0 0 0 0.904348 0.00434783 0 0 0 0 0 0 0.969821 0.441102 
0.0789474 0 0 0 0 0 0 0 0.916667 0.00438596 0 0 0 0 0 0 0.967888 0.444979 
0.0869565 0 0 0 0 0 0 0 0.908696 0.00434783 0 0 0 0 0 0 0.967843 0.441109 
0.0789474 0 0 0 0 0 0 0 0.916667 0.00438596 0 0 0 0 0 0 0.967888 0.444979 
0.0869565 0 0 0 0 0 0 0 0.908696 0.00434783 0 0 0 0 0 0 0.967843 0.441109 
0.0789474 0 0 0 0 0 0 0 0.916667 0.00438596 0 0 0 0 0 0 0.967493 0.444546 
0.0869565 0 0 0 0 0 0 0 0.908696 0.00434783 0 0 0 0 0 0 0.967451 0.440681 
0.0789474 0 0 0 0 0 0 0 0.916667 0.00438596 0 0 0 0 0 0 0.967493 0.444546 
0.0869565 0 0 0 0 0 0 0 0.908696 0.00434783 0 0 0 0 0 0 0.967451 0.440681 
0.0786026 0 0 0 0 0 0 0 0.917031 0.00436681 0 0 0 0 0 0 0.966282 0.443744 
0.0865801 0 0 0 0 0 0 0 0.909091 0.004329 0 0 0 0 0 0 0.966251 0.439902 
0.0786026 0 0 0 0 0 0 0 0.917031 0.00436681 0 0 0 0 0 0 0.966282 0.443744 
0.0865801 0 0 0 0 0 0 0 0.909091 0.004329 0 0 0 0 0 0 0.966251 0.439902 
0.0792952 0 0 0 0 0 0 0 0.9163 0.00440529 0 0 0 0 0 0 0.965829 0.443385 
0.0833333 0 0 0 0 0 0 0 0.912281 0.00438596 0 0 0 0 0 0 0.965807 0.441441 
0.0792952 0 0 0 0 0 0 0 0.9163 0.00440529 0 0 0 0 0 0 0.965829 0.443385 
0.0833333 0 0 0 0 0 0 0 0.912281 0.00438596 0 0 0 0 0 0 0.965807 0.441441 
0.0792952 0 0 0 0 0 0 0 0.911894 0.00881057 0 0 0 0 0 0 0.965138 0.443131 
0.0833333 0 0 0 0 0 0 0 0.907895 0.00877193 0 0 0 0 0 0 0.965119 0.441187 
0.0792952 0 0 0 0 0 0 0 0.911894 0.00881057 0 0 0 0 0 0 0.965138 0.443131 
0.0833333 0 0 0 0 0 0 0 0.907895 0.00877193 0 0 0 0 0 0 0.965119 0.441187 
0.0792952 0 0 0 0 0 0 0 0.9163 0.00440529 0 0 0 0 0 0 0.964706 0.44269 
0.0833333 0 0 0 0 0 0 0 0.912281 0.00438596 0 0 0 0 0 0 0.964689 0.440748 
0.0792952 0 0 0 0 0 0 0 0.9163 0.00440529 0 0 0 0 0 0 0.964706 0.44269 
0.0833333 0 0 0 0 0 0 0 0.912281 0.00438596 0 0 0 0 0 0 0.964689 0.440748 
0.0792952 0 0 0 0 0 0 0 0.9163 0.00440529 0 0 0 0 0 0 0.965017 0.442573 
0.0833333 0 0 0 0 0 0 0 0.912281 0.00438596 0 0 0 0 0 0 0.964999 0.440632 
0.0792952 0 0 0 0 0 0 0 0.9163 0.00440529 0 0 0 0 0 0 0.965017 0.442573 
0.0833333 0 0 0 0 0 0 0 0.912281 0.00438596 0 0 0 0 0 0 0.964999 0.440632 
0.0833333 0 0 0 0 0 0 0 0.903509 0.0131579 0 0 0 0 0 0 0.965222 0.440702 
0.0833333 0 0 0 0 0 0 0 0.903509 0.0131579 0 0 0 0 0 0 0.965222 0.440702 
0.0833333 0 0 0 0 0 0 0 0.903509 0.0131579 0 0 0 0 0 0 0.965222 0.440702 
0.0833333 0 0 0 0 0 0 0 0.903509 0.0131579 0 0 0 0 0 0 0.965222 0.440702 
0.0833333 0 0 0 0 0 0 0 0.907895 0.00877193 0 0 0 0 0 0 0.965188 0.441106 
0.0833333 0 0 0 0 0 0 0 0.907895 0.00877193 0 0 0 0 0 0 0.965188 0.441106 
0.0833333 0 0 0 0 0 0 0 0.907895 0.00877193 0 0 0 0 0 0 0.965188 0.441106 
0.0833333 0 0 0 0 0 0 0 0.907895 0.00877193 0 0 0 0 0 0 0.965188 0.441106 
0.0789474 0 0 0 0 0 0 0 0.912281 0.00877193 0 0 0 0 0 0 0.964878 0.442889 
0.0829694 0 0 0 0 0 0 0 0.908297 0.00873362 0 0 0 0 0 0 0.96486 0.440955 
0.0789474 0 0 0 0 0 0 0 0.912281 0.00877193 0 0 0 0 0 0 0.964878 0.442889 
0.0829694 0 0 0 0 0 0 0 0.908297 0.00873362 0 0 0 0 0 0 0.96486 0.440955 
0.0829694 0 0 0 0 0 0 0 0.908297 0.00873362 0 0 0 0 0 0 0.963696 0.43956 
0.0869565 0 0 0 0 0 0 0 0.904348 0.00869565 0 0 0 0 0 0 0.963683 0.437649 
0.0829694 0 0 0 0 0 0 0 0.908297 0.00873362 0 0 0 0 0 0 0.963696 0.43956 
0.0869565 0 0 0 0 0 0 0 0.904348 0.00869565 0 0 0 0 0 0 0.963683 0.437649 
0.0826087 0 0 0 0 0 0 0 0.908696 0.00869565 0 0 0 0 0 0 0.963649 0.439015 
0.0826087 0 0 0 0 0 0 0 0.908696 0.00869565 0 0 0 0 0 0 0.963649 0.439015 
0.0826087 0 0 0 0 0 0 0 0.908696 0.00869565 0 0 0 0 0 0 0.963649 0.439015 
0.0826087 0 0 0 0 0 0 0 0.908696 0.00869565 0 0 0 0 0 0 0.963649 0.439015 
0.0792952 0 0 0 0 0 0 0 0.911894 0.00881057 0 0 0 0 0 0 0.965795 0.442253 
0.0792952 0 0 0 0 0 0 0 0.911894 0.00881057 0 0 0 0 0 0 0.965795 0.442253 
0.0792952 0 0 0 0 0 0 0 0.911894 0.00881057 0 0 0 0 0 0 0.965795 0.442253 
0.0792952 0 0 0 0 0 0 0 0.911894 0.00881057 0 0 0 0 0 0 0.965795 0.442253 
0.0837004 0 0 0 0 0 0 0 0.907489 0.00881057 0 0 0 0 0 0 0.966365 0.441198 
0.0837004 0 0 0 0 0 0 0 0.907489 0.00881057 0 0 0 0 0 0 0.966365 0.441198 
0.0837004 0 0 0 0 0 0 0 0.907489 0.00881057 0 0 0 0 0 0 0.966365 0.441198 
0.0837004 0 0 0 0 0 0 0 0.907489 0.00881057 0 0 0 0 0 0 0.966365 0.441198 
0.08 0 0 0 0 0 0 0 0.911111 0.00888889 0 0 0 0 0 0 0.966711 0.443383 
0.08 0 0 0 0 0 0 0 0.911111 0.00888889 0 0 0 0 0 0 0.966711 0.443383 
0.08 0 0 0 0 0 0 0 0.911111 0.00888889 0 0 0 0 0 0 0.966711 0.443383 
0.08 0 0 0 0 0 0 0 0.911111 0.00888889 0 0 0 0 0 0 0.966711 0.443383 
0.0807175 0 0 0 0 0 0 0 0.914798 0.0044843 0 0 0 0 0 0 0.968047 0.444247 
0.0807175 0 0 0 0 0 0 0 0.914798 0.0044843 0 0 0 0 0 0 0.968047 0.444247 
0.0807175 0 0 0 0 0 0 0 0.914798 0.0044843 0 0 0 0 0 0 0.968047 0.444247 
0.0807175 0 0 0 0 0 0 0 0.914798 0.0044843 0 0 0 0 0 0 0.968047 0.444247 
0.0807175 0 0 0 0 0 0 0 0.914798 0.0044843 0 0 0 0 0 0 0.968012 0.444055 
0.0807175 0 0 0 0 0 0 0 0.914798 0.0044843 0 0 0 0 0 0 0.968012 0.444055 
0.0807175 0 0 0 0 0 0 0 0.914798 0.0044843 0 0 0 0 0 0 0.968012 0.444055 
0.0807175 0 0 0 0 0 0 0 0.914798 0.0044843 0 0 0 0 0 0 0.968012 0.444055 
0.0803571 0 0 0 0 0 0 0 0.915179 0.00446429 0 0 0 0 0 0 0.96826 0.444503 
0.0803571 0 0 0 0 0 0 0 0.915179 0.00446429 0 0 0 0 0 0 0.96826 0.444503 
0.0803571 0 0 0 0 0 0 0 0.915179 0.00446429 0 0 0 0 0 0 0.96826 0.444503 
0.0803571 0 0 0 0 0 0 0 0.915179 0.00446429 0 0 0 0 0 0 0.96826 0.444503 
0.0803571 0 0 0 0 0 0 0 0.915179 0.00446429 0 0 0 0 0 0 0.968628 0.444982 
0.0803571 0 0 0 0 0 0 0 0.915179 0.00446429 0 0 0 0 0 0 0.968628 0.444982 
0.0803571 0 0 0 0 0 0 0 0.915179 0.00446429 0 0 0 0 0 0 0.968628 0.444982 
0.0803571 0 0 0 0 0 0 0 0.915179 0.00446429 0 0 0 0 0 0 0.968628 0.444982 
0.0803571 0 0 0 0 0 0 0 0.915179 0.00446429 0 0 0 0 0 0 0.96903 0.445733 
0.0803571 0 0 0 0 0 0 0 0.915179 0.00446429 0 0 0 0 0 0 0.96903 0.445733 
0.0803571 0 0 0 0 0 0 0 0.915179 0.00446429 0 0 0 0 0 0 0.96903 0.445733 
0.0803571 0 0 0 0 0 0 0 0.915179 0.00446429 0 0 0 0 0 0 0.96903 0.445733 
0.08 0 0 0 0 0 0 0 0.915556 0.00444444 0 0 0 0 0 0 0.967094 0.445324 
0.08 0 0 0 0 0 0 0 0.915556 0.00444444 0 0 0 0 0 0 0.967094 0.445324 
0.08 0 0 0 0 0 0 0 0.915556 0.00444444 0 0 0 0 0 0 0.967094 0.445324 
0.08 0 0 0 0 0 0 0 0.915556 0.00444444 0 0 0 0 0 0 0.967094 0.445324 
0.0762332 0 0 0 0 0 0 0 0.919283 0.0044843 0 0 0 0 0 0 0.96861 0.448569 
0.0803571 0 0 0 0 0 0 0 0.915179 0.00446429 0 0 0 0 0 0 0.968575 0.446567 
0.0762332 0 0 0 0 0 0 0 0.919283 0.0044843 0 0 0 0 0 0 0.96861 0.448569 
0.0803571 0 0 0 0 0 0 0 0.915179 0.00446429 0 0 0 0 0 0 0.968575 0.446567 
0.0765766 0 0 0 0 0 0 0 0.923423 0 0 0 0 0 0 0 0.969228 0.448933 
0.0848214 0 0 0 0 0 0 0 0.915179 0 0 0 0 0 0 0 0.969153 0.444925 
0.0765766 0 0 0 0 0 0 0 0.923423 0 0 0 0 0 0 0 0.969228 0.448933 
0.0848214 0 0 0 0 0 0 0 0.915179 0 0 0 0 0 0 0 0.969153 0.444925 
0.0810811 0 0 0 0 0 0 0 0.914414 0.0045045 0 0 0 0 0 0 0.968398 0.446345 
0.0892857 0 0 0 0 0 0 0 0.90625 0.00446429 0 0 0 0 0 0 0.968348 0.44236 
0.0810811 0 0 0 0 0 0 0 0.914414 0.0045045 0 0 0 0 0 0 0.968398 0.446345 
0.0892857 0 0 0 0 0 0 0 0.90625 0.00446429 0 0 0 0 0 0 0.968348 0.44236 
0.0765766 0 0 0 0 0 0 0 0.918919 0.0045045 0 0 0 0 0 0 0.968151 0.448414 
0.0807175 0 0 0 0 0 0 0 0.914798 0.0044843 0 0 0 0 0 0 0.968118 0.446404 
0.0765766 0 0 0 0 0 0 0 0.918919 0.0045045 0 0 0 0 0 0 0.968151 0.448414 
0.0807175 0 0 0 0 0 0 0 0.914798 0.0044843 0 0 0 0 0 0 0.968118 0.446404 
0.0730594 0 0 0 0 0 0 0 0.922374 0.00456621 0 0 0 0 0 0 0.96938 0.450797 
0.0772727 0 0 0 0 0 0 0 0.918182 0.00454545 0 0 0 0 0 0 0.969341 0.448748 
0.0730594 0 0 0 0 0 0 0 0.922374 0.00456621 0 0 0 0 0 0 0.96938 0.450797 
0.0772727 0 0 0 0 0 0 0 0.918182 0.00454545 0 0 0 0 0 0 0.969341 0.448748 
0.0730594 0 0 0 0 0 0 0 0.922374 0.00456621 0 0 0 0 0 0 0.969344 0.450755 
0.0977778 0 0 0 0 0 0 0 0.897778 0.00444444 0 0 0 0 0 0 0.969308 0.438735 
0.0730594 0 0 0 0 0 0 0 0.922374 0.00456621 0 0 0 0 0 0 0.969344 0.450755 
0.0977778 0 0 0 0 0 0 0 0.897778 0.00444444 0 0 0 0 0 0 0.969308 0.438735 
0.0730594 0 0 0 0 0 0 0 0.922374 0.00456621 0 0 0 0 0 0 0.968807 0.450252 
0.0977778 0 0 0 0 0 0 0 0.897778 0.00444444 0 0 0 0 0 0 0.968785 0.438245 
0.0730594 0 0 0 0 0 0 0 0.922374 0.00456621 0 0 0 0 0 0 0.968807 0.450252 
0.0977778 0 0 0 0 0 0 0 0.897778 0.00444444 0 0 0 0 0 0 0.968785 0.438245 
0.0730594 0 0 0 0 0 0 0 0.922374 0.00456621 0 0 0 0 0 0 0.968467 0.449893 
0.0977778 0 0 0 0 0 0 0 0.897778 0.00444444 0 0 0 0 0 0 0.968454 0.437896 
0.0730594 0 0 0 0 0 0 0 0.922374 0.00456621 0 0 0 0 0 0 0.968467 0.449893 
0.0977778 0 0 0 0 0 0 0 0.897778 0.00444444 0 0 0 0 0 0 0.968454 0.437896 
0.0730594 0 0 0 0 0 0 0 0.922374 0.00456621 0 0 0 0 0 0 0.968914 0.450099 
0.0977778 0 0 0 0 0 0 0 0.897778 0.00444444 0 0 0 0 0 0 0.968889 0.438096 
0.0730594 0 0 0 0 0 0 0 0.922374 0.00456621 0 0 0 0 0 0 0.968914 0.450099 
0.0977778 0 0 0 0 0 0 0 0.897778 0.00444444 0 0 0 0 0 0 0.968889 0.438096 
0.0779817 0 0 0 0 0 0 0 0.917431 0.00458716 0 0 0 0 0 0 0.969545 0.449028 
0.102679 0 0 0 0 0 0 0 0.892857 0.00446429 0 0 0 0 0 0 0.969503 0.437001 
0.0779817 0 0 0 0 0 0 0 0.917431 0.00458716 0 0 0 0 0 0 0.969545 0.449028 
0.102679 0 0 0 0 0 0 0 0.892857 0.00446429 0 0 0 0 0 0 0.969503 0.437001 
0.0737327 0 0 0 0 0 0 0 0.921659 0.00460829 0 0 0 0 0 0 0.969875 0.451352 
0.0986547 0 0 0 0 0 0 0 0.896861 0.0044843 0 0 0 0 0 0 0.969824 0.439208 
0.0737327 0 0 0 0 0 0 0 0.921659 0.00460829 0 0 0 0 0 0 0.969875 0.451352 
0.0986547 0 0 0 0 0 0 0 0.896861 0.0044843 0 0 0 0 0 0 0.969824 0.439208 
0.0727273 0 0 0 0 0 0 0 0.922727 0.00454545 0 0 0 0 0 0 0.968949 0.450355 
0.0973451 0 0 0 0 0 0 0 0.89823 0.00442478 0 0 0 0 0 0 0.968923 0.438398 
0.0727273 0 0 0 0 0 0 0 0.922727 0.00454545 0 0 0 0 0 0 0.968949 0.450355 
0.0973451 0 0 0 0 0 0 0 0.89823 0.00442478 0 0 0 0 0 0 0.968923 0.438398 
0.0810811 0 0 0 0 0 0 0 0.914414 0.0045045 0 0 0 0 0 0 0.969352 0.447332 
0.101322 0 0 0 0 0 0 0 0.894273 0.00440529 0 0 0 0 0 0 0.969353 0.437479 
0.0810811 0 0 0 0 0 0 0 0.914414 0.0045045 0 0 0 0 0 0 0.969352 0.447332 
0.101322 0 0 0 0 0 0 0 0.894273 0.00440529 0 0 0 0 0 0 0.969353 0.437479 
0.0758929 0 0 0 0 0 0 0 0.919643 0.00446429 0 0 0 0 0 0 0.96854 0.44825 
0.0960699 0 0 0 0 0 0 0 0.899563 0.00436681 0 0 0 0 0 0 0.968542 0.438463 
0.0758929 0 0 0 0 0 0 0 0.919643 0.00446429 0 0 0 0 0 0 0.96854 0.44825 
0.0960699 0 0 0 0 0 0 0 0.899563 0.00436681 0 0 0 0 0 0 0.968542 0.438463 
0.0755556 0 0 0 0 0 0 0 0.915556 0.00888889 0 0 0 0 0 0 0.966955 0.447194 
0.0956522 0 0 0 0 0 0 0 0.895652 0.00869565 0 0 0 0 0 0 0.966991 0.437473 
0.0755556 0 0 0 0 0 0 0 0.915556 0.00888889 0 0 0 0 0 0 0.966955 0.447194 
0.0956522 0 0 0 0 0 0 0 0.895652 0.00869565 0 0 0 0 0 0 0.966991 0.437473 
0.0714286 0 0 0 0 0 0 0 0.924107 0.00446429 0 0 0 0 0 0 0.968032 0.449531 
0.0956522 0 0 0 0 0 0 0 0.9 0.00434783 0 0 0 0 0 0 0.968014 0.437804 
0.0714286 0 0 0 0 0 0 0 0.924107 0.00446429 0 0 0 0 0 0 0.968032 0.449531 
0.0956522 0 0 0 0 0 0 0 0.9 0.00434783 0 0 0 0 0 0 0.968014 0.437804 
0.0717489 0 0 0 0 0 0 0 0.923767 0.0044843 0 0 0 0 0 0 0.968417 0.449776 
0.0960699 0 0 0 0 0 0 0 0.899563 0.00436681 0 0 0 0 0 0 0.968388 0.437991 
0.0717489 0 0 0 0 0 0 0 0.923767 0.0044843 0 0 0 0 0 0 0.968417 0.449776 
0.0960699 0 0 0 0 0 0 0 0.899563 0.00436681 0 0 0 0 0 0 0.968388 0.437991 
0.0720721 0 0 0 0 0 0 0 0.923423 0.0045045 0 0 0 0 0 0 0.968451 0.44967 
0.0964912 0 0 0 0 0 0 0 0.899123 0.00438596 0 0 0 0 0 0 0.968421 0.437836 
0.0720721 0 0 0 0 0 0 0 0.923423 0.0045045 0 0 0 0 0 0 0.968451 0.44967 
0.0964912 0 0 0 0 0 0 0 0.899123 0.00438596 0 0 0 0 0 0 0.968421 0.437836 
0.0691244 0 0 0 0 0 0 0 0.926267 0.00460829 0 0 0 0 0 0 0.970543 0.453899 
0.0941704 0 0 0 0 0 0 0 0.901345 0.0044843 0 0 0 0 0 0 0.970158 0.441687 
0.0691244 0 0 0 0 0 0 0 0.926267 0.00460829 0 0 0 0 0 0 0.970543 0.453899 
0.0941704 0 0 0 0 0 0 0 0.901345 0.0044843 0 0 0 0 0 0 0.970158 0.441687 
0.0648148 0 0 0 0 0 0 0 0.930556 0.00462963 0 0 0 0 0 0 0.970461 0.45575 
0.0941704 0 0 0 0 0 0 0 0.901345 0.0044843 0 0 0 0 0 0 0.97007 0.441444 
0.0648148 0 0 0 0 0 0 0 0.930556 0.00462963 0 0 0 0 0 0 0.970461 0.45575 
0.0941704 0 0 0 0 0 0 0 0.901345 0.0044843 0 0 0 0 0 0 0.97007 0.441444 
0.0645161 0 0 0 0 0 0 0 0.930876 0.00460829 0 0 0 0 0 0 0.970724 0.455515 
0.09375 0 0 0 0 0 0 0 0.901786 0.00446429 0 0 0 0 0 0 0.970326 0.44128 
0.0645161 0 0 0 0 0 0 0 0.930876 0.00460829 0 0 0 0 0 0 0.970724 0.455515 
0.09375 0 0 0 0 0 0 0 0.901786 0.00446429 0 0 0 0 0 0 0.970326 0.44128 
0.0645161 0 0 0 0 0 0 0 0.930876 0.00460829 0 0 0 0 0 0 0.970543 0.455755 
0.09375 0 0 0 0 0 0 0 0.901786 0.00446429 0 0 0 0 0 0 0.970151 0.441513 
0.0645161 0 0 0 0 0 0 0 0.930876 0.00460829 0 0 0 0 0 0 0.970543 0.455755 
0.09375 0 0 0 0 0 0 0 0.901786 0.00446429 0 0 0 0 0 0 0.970151 0.441513 
0.0648148 0 0 0 0 0 0 0 0.935185 0 0 0 0 0 0 0 0.97166 0.456286 
0.0941704 0 0 0 0 0 0 0 0.90583 0 0 0 0 0 0 0 0.97123 0.441963 
0.0648148 0 0 0 0 0 0 0 0.935185 0 0 0 0 0 0 0 0.97166 0.456286 
0.0941704 0 0 0 0 0 0 0 0.90583 0 0 0 0 0 0 0 0.97123 0.441963 
0.0648148 0 0 0 0 0 0 0 0.935185 0 0 0 0 0 0 0 0.97146 0.456421 
0.0859729 0 0 0 0 0 0 0 0.914027 0 0 0 0 0 0 0 0.971112 0.446094 
0.0648148 0 0 0 0 0 0 0 0.935185 0 0 0 0 0 0 0 0.97146 0.456421 
0.0859729 0 0 0 0 0 0 0 0.914027 0 0 0 0 0 0 0 0.971112 0.446094 
0.0645161 0 0 0 0 0 0 0 0.935484 0 0 0 0 0 0 0 0.971357 0.45592 
0.0896861 0 0 0 0 0 0 0 0.910314 0 0 0 0 0 0 0 0.970967 0.443653 
0.0645161 0 0 0 0 0 0 0 0.935484 0 0 0 0 0 0 0 0.971357 0.45592 
0.0896861 0 0 0 0 0 0 0 0.910314 0 0 0 0 0 0 0 0.970967 0.443653 
0.0636364 0 0 0 0 0 0 0 0.936364 0 0 0 0 0 0 0 0.969038 0.453466 
0.0844444 0 0 0 0 0 0 0 0.915556 0 0 0 0 0 0 0 0.96875 0.443389 
0.0636364 0 0 0 0 0 0 0 0.936364 0 0 0 0 0 0 0 0.969038 0.453466 
0.0844444 0 0 0 0 0 0 0 0.915556 0 0 0 0 0 0 0 0.96875 0.443389 
0.0630631 0 0 0 0 0 0 0 0.936937 0 0 0 0 0 0 0 0.968168 0.452435 
0.0837004 0 0 0 0 0 0 0 0.9163 0 0 0 0 0 0 0 0.967902 0.442469 
0.0630631 0 0 0 0 0 0 0 0.936937 0 0 0 0 0 0 0 0.968168 0.452435 
0.0837004 0 0 0 0 0 0 0 0.9163 0 0 0 0 0 0 0 0.967902 0.442469 
0.0633484 0 0 0 0 0 0 0 0.936652 0 0 0 0 0 0 0 0.96822 0.45297 
0.0881057 0 0 0 0 0 0 0 0.911894 0 0 0 0 0 0 0 0.967919 0.440998 
0.0633484 0 0 0 0 0 0 0 0.936652 0 0 0 0 0 0 0 0.96822 0.45297 
0.0881057 0 0 0 0 0 0 0 0.911894 0 0 0 0 0 0 0 0.967919 0.440998 
0.0636364 0 0 0 0 0 0 0 0.931818 0.00454545 0 0 0 0 0 0 0.968075 0.452702 
0.0964912 0 0 0 0 0 0 0 0.899123 0.00438596 0 0 0 0 0 0 0.967751 0.436817 
0.0636364 0 0 0 0 0 0 0 0.931818 0.00454545 0 0 0 0 0 0 0.968075 0.452702 
0.0964912 0 0 0 0 0 0 0 0.899123 0.00438596 0 0 0 0 0 0 0.967751 0.436817 
0.0675676 0 0 0 0 0 0 0 0.927928 0.0045045 0 0 0 0 0 0 0.967638 0.450123 
0.0881057 0 0 0 0 0 0 0 0.907489 0.00440529 0 0 0 0 0 0 0.967384 0.440208 
0.0675676 0 0 0 0 0 0 0 0.927928 0.0045045 0 0 0 0 0 0 0.967638 0.450123 
0.0881057 0 0 0 0 0 0 0 0.907489 0.00440529 0 0 0 0 0 0 0.967384 0.440208 
0.0678733 0 0 0 0 0 0 0 0.927602 0.00452489 0 0 0 0 0 0 0.967616 0.450439 
0.0884956 0 0 0 0 0 0 0 0.90708 0.00442478 0 0 0 0 0 0 0.967361 0.440474 
0.0678733 0 0 0 0 0 0 0 0.927602 0.00452489 0 0 0 0 0 0 0.967616 0.450439 
0.0884956 0 0 0 0 0 0 0 0.90708 0.00442478 0 0 0 0 0 0 0.967361 0.440474 
0.059633 0 0 0 0 0 0 0 0.93578 0.00458716 0 0 0 0 0 0 0.968538 0.454997 
0.0807175 0 0 0 0 0 0 0 0.914798 0.0044843 0 0 0 0 0 0 0.968258 0.444796 
0.059633 0 0 0 0 0 0 0 0.93578 0.00458716 0 0 0 0 0 0 0.968538 0.454997 
0.0807175 0 0 0 0 0 0 0 0.914798 0.0044843 0 0 0 0 0 0 0.968258 0.444796 
0.0593607 0 0 0 0 0 0 0 0.936073 0.00456621 0 0 0 0 0 0 0.968449 0.454788 
0.0803571 0 0 0 0 0 0 0 0.915179 0.00446429 0 0 0 0 0 0 0.968173 0.444636 
0.0593607 0 0 0 0 0 0 0 0.936073 0.00456621 0 0 0 0 0 0 0.968449 0.454788 
0.0803571 0 0 0 0 0 0 0 0.915179 0.00446429 0 0 0 0 0 0 0.968173 0.444636 
0.0590909 0 0 0 0 0 0 0 0.931818 0.00909091 0 0 0 0 0 0 0.967576 0.454623 
0.08 0 0 0 0 0 0 0 0.911111 0.00888889 0 0 0 0 0 0 0.967321 0.444521 
0.0590909 0 0 0 0 0 0 0 0.931818 0.00909091 0 0 0 0 0 0 0.967576 0.454623 
0.08 0 0 0 0 0 0 0 0.911111 0.00888889 0 0 0 0 0 0 0.967321 0.444521 
0.0590909 0 0 0 0 0 0 0 0.931818 0.00909091 0 0 0 0 0 0 0.967487 0.454647 
0.08 0 0 0 0 0 0 0 0.911111 0.00888889 0 0 0 0 0 0 0.967233 0.444544 
0.0590909 0 0 0 0 0 0 0 0.931818 0.00909091 0 0 0 0 0 0 0.967487 0.454647 
0.08 0 0 0 0 0 0 0 0.911111 0.00888889 0 0 0 0 0 0 0.967233 0.444544 
0.0588235 0 0 0 0 0 0 0 0.932127 0.00904977 0 0 0 0 0 0 0.966356 0.453594 
0.0837004 0 0 0 0 0 0 0 0.907489 0.00881057 0 0 0 0 0 0 0.96614 0.441605 
0.0588235 0 0 0 0 0 0 0 0.932127 0.00904977 0 0 0 0 0 0 0.966356 0.453594 
0.0837004 0 0 0 0 0 0 0 0.907489 0.00881057 0 0 0 0 0 0 0.96614 0.441605 
0.0627803 0 0 0 0 0 0 0 0.928251 0.00896861 0 0 0 0 0 0 0.966465 0.451622 
0.0792952 0 0 0 0 0 0 0 0.911894 0.00881057 0 0 0 0 0 0 0.966226 0.443664 
0.0627803 0 0 0 0 0 0 0 0.928251 0.00896861 0 0 0 0 0 0 0.966465 0.451622 
0.0792952 0 0 0 0 0 0 0 0.911894 0.00881057 0 0 0 0 0 0 0.966226 0.443664 
0.0625 0 0 0 0 0 0 0 0.924107 0.0133929 0 0 0 0 0 0 0.965862 0.450622 
0.0869565 0 0 0 0 0 0 0 0.9 0.0130435 0 0 0 0 0 0 0.965627 0.438867 
0.0625 0 0 0 0 0 0 0 0.924107 0.0133929 0 0 0 0 0 0 0.965862 0.450622 
0.0869565 0 0 0 0 0 0 0 0.9 0.0130435 0 0 0 0 0 0 0.965627 0.438867 
0.0625 0 0 0 0 0 0 0 0.933036 0.00446429 0 0 0 0 0 0 0.96714 0.451295 
0.0829694 0 0 0 0 0 0 0 0.912664 0.00436681 0 0 0 0 0 0 0.966864 0.441442 
0.0625 0 0 0 0 0 0 0 0.933036 0.00446429 0 0 0 0 0 0 0.96714 0.451295 
0.0829694 0 0 0 0 0 0 0 0.912664 0.00436681 0 0 0 0 0 0 0.966864 0.441442 
0.0585586 0 0 0 0 0 0 0 0.936937 0.0045045 0 0 0 0 0 0 0.967851 0.454098 
0.0833333 0 0 0 0 0 0 0 0.912281 0.00438596 0 0 0 0 0 0 0.967561 0.442148 
0.0585586 0 0 0 0 0 0 0 0.936937 0.0045045 0 0 0 0 0 0 0.967851 0.454098 
0.0833333 0 0 0 0 0 0 0 0.912281 0.00438596 0 0 0 0 0 0 0.967561 0.442148 
0.0588235 0 0 0 0 0 0 0 0.936652 0.00452489 0 0 0 0 0 0 0.968095 0.454739 
0.0837004 0 0 0 0 0 0 0 0.911894 0.00440529 0 0 0 0 0 0 0.967799 0.442719 
0.0588235 0 0 0 0 0 0 0 0.936652 0.00452489 0 0 0 0 0 0 0.968095 0.454739 
0.0837004 0 0 0 0 0 0 0 0.911894 0.00440529 0 0 0 0 0 0 0.967799 0.442719 
0.058296 0 0 0 0 0 0 0 0.93722 0.0044843 0 0 0 0 0 0 0.967414 0.454557 
0.0829694 0 0 0 0 0 0 0 0.912664 0.00436681 0 0 0 0 0 0 0.96683 0.442647 
0.058296 0 0 0 0 0 0 0 0.93722 0.0044843 0 0 0 0 0 0 0.967414 0.454557 
0.0829694 0 0 0 0 0 0 0 0.912664 0.00436681 0 0 0 0 0 0 0.96683 0.442647 
0.0585586 0 0 0 0 0 0 0 0.941441 0 0 0 0 0 0 0 0.968204 0.455208 
0.0833333 0 0 0 0 0 0 0 0.916667 0 0 0 0 0 0 0 0.967596 0.443229 
0.0585586 0 0 0 0 0 0 0 0.941441 0 0 0 0 0 0 0 0.968204 0.455208 
0.0833333 0 0 0 0 0 0 0 0.916667 0 0 0 0 0 0 0 0.967596 0.443229 
0.0585586 0 0 0 0 0 0 0 0.936937 0.0045045 0 0 0 0 0 0 0.967197 0.454542 
0.0833333 0 0 0 0 0 0 0 0.912281 0.00438596 0 0 0 0 0 0 0.966615 0.44258 
0.0585586 0 0 0 0 0 0 0 0.936937 0.0045045 0 0 0 0 0 0 0.967197 0.454542 
0.0833333 0 0 0 0 0 0 0 0.912281 0.00438596 0 0 0 0 0 0 0.966615 0.44258 
0.058296 0 0 0 0 0 0 0 0.941704 0 0 0 0 0 0 0 0.967291 0.453445 
0.0869565 0 0 0 0 0 0 0 0.913043 0 0 0 0 0 0 0 0.966684 0.439645 
0.058296 0 0 0 0 0 0 0 0.941704 0 0 0 0 0 0 0 0.967291 0.453445 
0.0869565 0 0 0 0 0 0 0 0.913043 0 0 0 0 0 0 0 0.966684 0.439645 
0.0627803 0 0 0 0 0 0 0 0.93722 0 0 0 0 0 0 0 0.968065 0.451452 
0.0833333 0 0 0 0 0 0 0 0.916667 0 0 0 0 0 0 0 0.967458 0.441551 
0.0627803 0 0 0 0 0 0 0 0.93722 0 0 0 0 0 0 0 0.968065 0.451452 
0.0833333 0 0 0 0 0 0 0 0.916667 0 0 0 0 0 0 0 0.967458 0.441551 
0.0585586 0 0 0 0 0 0 0 0.941441 0 0 0 0 0 0 0 0.968381 0.453886 
0.0792952 0 0 0 0 0 0 0 0.920705 0 0 0 0 0 0 0 0.967764 0.443888 
0.0585586 0 0 0 0 0 0 0 0.941441 0 0 0 0 0 0 0 0.968381 0.453886 
0.0792952 0 0 0 0 0 0 0 0.920705 0 0 0 0 0 0 0 0.967764 0.443888 
0.0585586 0 0 0 0 0 0 0 0.941441 0 0 0 0 0 0 0 0.968186 0.453888 
0.0792952 0 0 0 0 0 0 0 0.920705 0 0 0 0 0 0 0 0.967574 0.443891 
0.0585586 0 0 0 0 0 0 0 0.941441 0 0 0 0 0 0 0 0.968186 0.453888 
0.0792952 0 0 0 0 0 0 0 0.920705 0 0 0 0 0 0 0 0.967574 0.443891 
0.0625 0 0 0 0 0 0 0 0.9375 0 0 0 0 0 0 0 0.966947 0.451232 
0.0829694 0 0 0 0 0 0 0 0.917031 0 0 0 0 0 0 0 0.966367 0.441379 
0.0625 0 0 0 0 0 0 0 0.9375 0 0 0 0 0 0 0 0.966947 0.451232 
0.0829694 0 0 0 0 0 0 0 0.917031 0 0 0 0 0 0 0 0.966367 0.441379 
0.0625 0 0 0 0 0 0 0 0.9375 0 0 0 0 0 0 0 0.966825 0.451109 
0.0829694 0 0 0 0 0 0 0 0.917031 0 0 0 0 0 0 0 0.966247 0.44126 
0.0625 0 0 0 0 0 0 0 0.9375 0 0 0 0 0 0 0 0.966825 0.451109 
0.0829694 0 0 0 0 0 0 0 0.917031 0 0 0 0 0 0 0 0.966247 0.44126 
0.0622222 0 0 0 0 0 0 0 0.937778 0 0 0 0 0 0 0 0.965787 0.449533 
0.0826087 0 0 0 0 0 0 0 0.917391 0 0 0 0 0 0 0 0.965218 0.439761 
0.0622222 0 0 0 0 0 0 0 0.937778 0 0 0 0 0 0 0 0.965787 0.449533 
0.0826087 0 0 0 0 0 0 0 0.917391 0 0 0 0 0 0 0 0.965218 0.439761 
0.0622222 0 0 0 0 0 0 0 0.937778 0 0 0 0 0 0 0 0.966223 0.450104 
0.0826087 0 0 0 0 0 0 0 0.917391 0 0 0 0 0 0 0 0.965644 0.440319 
0.0622222 0 0 0 0 0 0 0 0.937778 0 0 0 0 0 0 0 0.966223 0.450104 
0.0826087 0 0 0 0 0 0 0 0.917391 0 0 0 0 0 0 0 0.965644 0.440319 
0.0826087 0 0 0 0 0 0 0 0.917391 0 0 0 0 0 0 0 0.964791 0.439364 
0.0865801 0 0 0 0 0 0 0 0.91342 0 0 0 0 0 0 0 0.964774 0.437462 
0.0826087 0 0 0 0 0 0 0 0.917391 0 0 0 0 0 0 0 0.964791 0.439364 
0.0865801 0 0 0 0 0 0 0 0.91342 0 0 0 0 0 0 0 0.964774 0.437462 
0.0858369 0 0 0 0 0 0 0 0.914163 0 0 0 0 0 0 0 0.963612 0.436322 
0.0897436 0 0 0 0 0 0 0 0.910256 0 0 0 0 0 0 0 0.9636 0.434457 
0.0858369 0 0 0 0 0 0 0 0.914163 0 0 0 0 0 0 0 0.963612 0.436322 
0.0897436 0 0 0 0 0 0 0 0.910256 0 0 0 0 0 0 0 0.9636 0.434457 
0.0789474 0 0 0 0 0 0 0 0.921053 0 0 0 0 0 0 0 0.966375 0.442493 
0.0829694 0 0 0 0 0 0 0 0.917031 0 0 0 0 0 0 0 0.96635 0.440561 
0.0789474 0 0 0 0 0 0 0 0.921053 0 0 0 0 0 0 0 0.966375 0.442493 
0.0829694 0 0 0 0 0 0 0 0.917031 0 0 0 0 0 0 0 0.96635 0.440561 
0.0752212 0 0 0 0 0 0 0 0.924779 0 0 0 0 0 0 0 0.967396 0.444922 
0.0792952 0 0 0 0 0 0 0 0.920705 0 0 0 0 0 0 0 0.967367 0.442962 
0.0752212 0 0 0 0 0 0 0 0.924779 0 0 0 0 0 0 0 0.967396 0.444922 
0.0792952 0 0 0 0 0 0 0 0.920705 0 0 0 0 0 0 0 0.967367 0.442962 
0.0789474 0 0 0 0 0 0 0 0.916667 0.00438596 0 0 0 0 0 0 0.966598 0.442717 
0.0789474 0 0 0 0 0 0 0 0.916667 0.00438596 0 0 0 0 0 0 0.966598 0.442717 
0.0789474 0 0 0 0 0 0 0 0.916667 0.00438596 0 0 0 0 0 0 0.966598 0.442717 
0.0789474 0 0 0 0 0 0 0 0.916667 0.00438596 0 0 0 0 0 0 0.966598 0.442717 
0.0833333 0 0 0 0 0 0 0 0.907895 0.00877193 0 0 0 0 0 0 0.966375 0.440596 
0.0833333 0 0 0 0 0 0 0 0.907895 0.00877193 0 0 0 0 0 0 0.966375 0.440596 
0.0833333 0 0 0 0 0 0 0 0.907895 0.00877193 0 0 0 0 0 0 0.966375 0.440596 
0.0833333 0 0 0 0 0 0 0 0.907895 0.00877193 0 0 0 0 0 0 0.966375 0.440596 
0.0786026 0 0 0 0 0 0 0 0.912664 0.00873362 0 0 0 0 0 0 0.965922 0.442309 
0.0786026 0 0 0 0 0 0 0 0.912664 0.00873362 0 0 0 0 0 0 0.965922 0.442309 
0.0786026 0 0 0 0 0 0 0 0.912664 0.00873362 0 0 0 0 0 0 0.965922 0.442309 
0.0786026 0 0 0 0 0 0 0 0.912664 0.00873362 0 0 0 0 0 0 0.965922 0.442309 
0.0745614 0 0 0 0 0 0 0 0.916667 0.00877193 0 0 0 0 0 0 0.966048 0.443721 
0.0745614 0 0 0 0 0 0 0 0.916667 0.00877193 0 0 0 0 0 0 0.966048 0.443721 
0.0745614 0 0 0 0 0 0 0 0.916667 0.00877193 0 0 0 0 0 0 0.966048 0.443721 
0.0745614 0 0 0 0 0 0 0 0.916667 0.00877193 0 0 0 0 0 0 0.966048 0.443721 
0.0789474 0 0 0 0 0 0 0 0.912281 0.00877193 0 0 0 0 0 0 0.96634 0.441982 
0.0789474 0 0 0 0 0 0 0 0.912281 0.00877193 0 0 0 0 0 0 0.96634 0.441982 
0.0789474 0 0 0 0 0 0 0 0.912281 0.00877193 0 0 0 0 0 0 0.96634 0.441982 
0.0789474 0 0 0 0 0 0 0 0.912281 0.00877193 0 0 0 0 0 0 0.96634 0.441982 
0.0789474 0 0 0 0 0 0 0 0.912281 0.00877193 0 0 0 0 0 0 0.966151 0.441826 
0.0829694 0 0 0 0 0 0 0 0.908297 0.00873362 0 0 0 0 0 0 0.966145 0.439896 
0.0789474 0 0 0 0 0 0 0 0.912281 0.00877193 0 0 0 0 0 0 0.966151 0.441826 
0.0829694 0 0 0 0 0 0 0 0.908297 0.00873362 0 0 0 0 0 0 0.966145 0.439896 
0.0580357 0 0 0 0 0 0 0 0.933036 0.00892857 0 0 0 0 0 0 0.966527 0.451436 
0.0786026 0 0 0 0 0 0 0 0.912664 0.00873362 0 0 0 0 0 0 0.965956 0.44158 
0.0745614 0 0 0 0 0 0 0 0.916667 0.00877193 0 0 0 0 0 0 0.965515 0.443489 
0.0786026 0 0 0 0 0 0 0 0.912664 0.00873362 0 0 0 0 0 0 0.965511 0.441552 
0.0742358 0 0 0 0 0 0 0 0.917031 0.00873362 0 0 0 0 0 0 0.964586 0.442314 
0.0782609 0 0 0 0 0 0 0 0.913043 0.00869565 0 0 0 0 0 0 0.964587 0.440391 
0.0625 0 0 0 0 0 0 0 0.928571 0.00892857 0 0 0 0 0 0 0.965442 0.448691 
0.0829694 0 0 0 0 0 0 0 0.908297 0.00873362 0 0 0 0 0 0 0.964895 0.438894 
0.0625 0 0 0 0 0 0 0 0.928571 0.00892857 0 0 0 0 0 0 0.965442 0.448691 
0.0829694 0 0 0 0 0 0 0 0.908297 0.00873362 0 0 0 0 0 0 0.964895 0.438894 
0.0826087 0 0 0 0 0 0 0 0.908696 0.00869565 0 0 0 0 0 0 0.963922 0.438369 
0.0865801 0 0 0 0 0 0 0 0.904762 0.00865801 0 0 0 0 0 0 0.963925 0.436471 
0.0826087 0 0 0 0 0 0 0 0.908696 0.00869565 0 0 0 0 0 0 0.963922 0.438369 
0.0865801 0 0 0 0 0 0 0 0.904762 0.00865801 0 0 0 0 0 0 0.963925 0.436471 
0.0782609 0 0 0 0 0 0 0 0.908696 0.0130435 0 0 0 0 0 0 0.962421 0.439236 
0.0822511 0 0 0 0 0 0 0 0.904762 0.012987 0 0 0 0 0 0 0.962431 0.437335 
0.0782609 0 0 0 0 0 0 0 0.908696 0.0130435 0 0 0 0 0 0 0.962421 0.439236 
0.0822511 0 0 0 0 0 0 0 0.904762 0.012987 0 0 0 0 0 0 0.962431 0.437335 
0.0779221 0 0 0 0 0 0 0 0.909091 0.012987 0 0 0 0 0 0 0.962262 0.438927 
0.0818966 0 0 0 0 0 0 0 0.905172 0.012931 0 0 0 0 0 0 0.962272 0.437035 
0.0779221 0 0 0 0 0 0 0 0.909091 0.012987 0 0 0 0 0 0 0.962262 0.438927 
0.0818966 0 0 0 0 0 0 0 0.905172 0.012931 0 0 0 0 0 0 0.962272 0.437035 
0.0779221 0 0 0 0 0 0 0 0.91342 0.00865801 0 0 0 0 0 0 0.962431 0.438957 
0.0818966 0 0 0 0 0 0 0 0.909483 0.00862069 0 0 0 0 0 0 0.962441 0.437065 
0.0779221 0 0 0 0 0 0 0 0.91342 0.00865801 0 0 0 0 0 0 0.962431 0.438957 
0.0818966 0 0 0 0 0 0 0 0.909483 0.00862069 0 0 0 0 0 0 0.962441 0.437065 
0.0822511 0 0 0 0 0 0 0 0.917749 0 0 0 0 0 0 0 0.963059 0.437043 
0.0862069 0 0 0 0 0 0 0 0.913793 0 0 0 0 0 0 0 0.963067 0.43516 
0.0822511 0 0 0 0 0 0 0 0.917749 0 0 0 0 0 0 0 0.963059 0.437043 
0.0862069 0 0 0 0 0 0 0 0.913793 0 0 0 0 0 0 0 0.963067 0.43516 
0.0818966 0 0 0 0 0 0 0 0.913793 0.00431034 0 0 0 0 0 0 0.962475 0.435882 
0.0858369 0 0 0 0 0 0 0 0.909871 0.00429185 0 0 0 0 0 0 0.962485 0.434011 
0.0818966 0 0 0 0 0 0 0 0.913793 0.00431034 0 0 0 0 0 0 0.962475 0.435882 
0.0858369 0 0 0 0 0 0 0 0.909871 0.00429185 0 0 0 0 0 0 0.962485 0.434011 
0.0786026 0 0 0 0 0 0 0 0.917031 0.00436681 0 0 0 0 0 0 0.963764 0.438556 
0.0826087 0 0 0 0 0 0 0 0.913043 0.00434783 0 0 0 0 0 0 0.963768 0.436649 
0.0786026 0 0 0 0 0 0 0 0.917031 0.00436681 0 0 0 0 0 0 0.963764 0.438556 
0.0826087 0 0 0 0 0 0 0 0.913043 0.00434783 0 0 0 0 0 0 0.963768 0.436649 
0.0789474 0 0 0 0 0 0 0 0.912281 0.00877193 0 0 0 0 0 0 0.964586 0.439593 
0.0829694 0 0 0 0 0 0 0 0.908297 0.00873362 0 0 0 0 0 0 0.964586 0.437673 
0.0789474 0 0 0 0 0 0 0 0.912281 0.00877193 0 0 0 0 0 0 0.964586 0.439593 
0.0829694 0 0 0 0 0 0 0 0.908297 0.00873362 0 0 0 0 0 0 0.964586 0.437673 
0.0862069 0 0 0 0 0 0 0 0.909483 0.00431034 0 0 0 0 0 0 0.964977 0.436623 
0.0862069 0 0 0 0 0 0 0 0.909483 0.00431034 0 0 0 0 0 0 0.964977 0.436623 
0.0862069 0 0 0 0 0 0 0 0.909483 0.00431034 0 0 0 0 0 0 0.964977 0.436623 
0.0862069 0 0 0 0 0 0 0 0.909483 0.00431034 0 0 0 0 0 0 0.964977 0.436623 
0.0854701 0 0 0 0 0 0 0 0.905983 0.00854701 0 0 0 0 0 0 0.964053 0.43547 
0.0854701 0 0 0 0 0 0 0 0.905983 0.00854701 0 0 0 0 0 0 0.964053 0.43547 
0.0854701 0 0 0 0 0 0 0 0.905983 0.00854701 0 0 0 0 0 0 0.964053 0.43547 
0.0854701 0 0 0 0 0 0 0 0.905983 0.00854701 0 0 0 0 0 0 0.964053 0.43547 
0.0822511 0 0 0 0 0 0 0 0.909091 0.00865801 0 0 0 0 0 0 0.965165 0.43811 
0.0822511 0 0 0 0 0 0 0 0.909091 0.00865801 0 0 0 0 0 0 0.965165 0.43811 
0.0822511 0 0 0 0 0 0 0 0.909091 0.00865801 0 0 0 0 0 0 0.965165 0.43811 
0.0822511 0 0 0 0 0 0 0 0.909091 0.00865801 0 0 0 0 0 0 0.965165 0.43811 
0.0826087 0 0 0 0 0 0 0 0.908696 0.00869565 0 0 0 0 0 0 0.965491 0.438696 
0.0826087 0 0 0 0 0 0 0 0.908696 0.00869565 0 0 0 0 0 0 0.965491 0.438696 
0.0826087 0 0 0 0 0 0 0 0.908696 0.00869565 0 0 0 0 0 0 0.965491 0.438696 
0.0826087 0 0 0 0 0 0 0 0.908696 0.00869565 0 0 0 0 0 0 0.965491 0.438696 
0.0829694 0 0 0 0 0 0 0 0.908297 0.00873362 0 0 0 0 0 0 0.965888 0.439051 
0.0829694 0 0 0 0 0 0 0 0.908297 0.00873362 0 0 0 0 0 0 0.965888 0.439051 
0.0829694 0 0 0 0 0 0 0 0.908297 0.00873362 0 0 0 0 0 0 0.965888 0.439051 
0.0829694 0 0 0 0 0 0 0 0.908297 0.00873362 0 0 0 0 0 0 0.965888 0.439051 
0.0873362 0 0 0 0 0 0 0 0.90393 0.00873362 0 0 0 0 0 0 0.965648 0.437224 
0.0873362 0 0 0 0 0 0 0 0.90393 0.00873362 0 0 0 0 0 0 0.965648 0.437224 
0.0873362 0 0 0 0 0 0 0 0.90393 0.00873362 0 0 0 0 0 0 0.965648 0.437224 
0.0873362 0 0 0 0 0 0 0 0.90393 0.00873362 0 0 0 0 0 0 0.965648 0.437224 
0.0952381 0 0 0 0 0 0 0 0.896104 0.00865801 0 0 0 0 0 0 0.965861 0.433984 
0.0952381 0 0 0 0 0 0 0 0.896104 0.00865801 0 0 0 0 0 0 0.965861 0.433984 
0.0952381 0 0 0 0 0 0 0 0.896104 0.00865801 0 0 0 0 0 0 0.965861 0.433984 
0.0952381 0 0 0 0 0 0 0 0.896104 0.00865801 0 0 0 0 0 0 0.965861 0.433984 
0.0913043 0 0 0 0 0 0 0 0.9 0.00869565 0 0 0 0 0 0 0.966053 0.436004 
0.0913043 0 0 0 0 0 0 0 0.9 0.00869565 0 0 0 0 0 0 0.966053 0.436004 
0.0913043 0 0 0 0 0 0 0 0.9 0.00869565 0 0 0 0 0 0 0.966053 0.436004 
0.0913043 0 0 0 0 0 0 0 0.9 0.00869565 0 0 0 0 0 0 0.966053 0.436004 
0.0877193 0 0 0 0 0 0 0 0.903509 0.00877193 0 0 0 0 0 0 0.966478 0.438351 
0.0877193 0 0 0 0 0 0 0 0.903509 0.00877193 0 0 0 0 0 0 0.966478 0.438351 
0.0877193 0 0 0 0 0 0 0 0.903509 0.00877193 0 0 0 0 0 0 0.966478 0.438351 
0.0877193 0 0 0 0 0 0 0 0.903509 0.00877193 0 0 0 0 0 0 0.966478 0.438351 
0.0884956 0 0 0 0 0 0 0 0.90708 0.00442478 0 0 0 0 0 0 0.967569 0.439368 
0.0884956 0 0 0 0 0 0 0 0.90708 0.00442478 0 0 0 0 0 0 0.967569 0.439368 
0.0884956 0 0 0 0 0 0 0 0.90708 0.00442478 0 0 0 0 0 0 0.967569 0.439368 
0.0884956 0 0 0 0 0 0 0 0.90708 0.00442478 0 0 0 0 0 0 0.967569 0.439368 
0.0884956 0 0 0 0 0 0 0 0.90708 0.00442478 0 0 0 0 0 0 0.967604 0.439791 
0.0884956 0 0 0 0 0 0 0 0.90708 0.00442478 0 0 0 0 0 0 0.967604 0.439791 
0.0884956 0 0 0 0 0 0 0 0.90708 0.00442478 0 0 0 0 0 0 0.967604 0.439791 
0.0884956 0 0 0 0 0 0 0 0.90708 0.00442478 0 0 0 0 0 0 0.967604 0.439791 
0.0884956 0 0 0 0 0 0 0 0.911504 0 0 0 0 0 0 0 0.966875 0.438807 
0.0884956 0 0 0 0 0 0 0 0.911504 0 0 0 0 0 0 0 0.966875 0.438807 
0.0884956 0 0 0 0 0 0 0 0.911504 0 0 0 0 0 0 0 0.966875 0.438807 
0.0884956 0 0 0 0 0 0 0 0.911504 0 0 0 0 0 0 0 0.966875 0.438807 
0.0881057 0 0 0 0 0 0 0 0.911894 0 0 0 0 0 0 0 0.967021 0.438899 
0.0881057 0 0 0 0 0 0 0 0.911894 0 0 0 0 0 0 0 0.967021 0.438899 
0.0881057 0 0 0 0 0 0 0 0.911894 0 0 0 0 0 0 0 0.967021 0.438899 
0.0881057 0 0 0 0 0 0 0 0.911894 0 0 0 0 0 0 0 0.967021 0.438899 
0.0884956 0 0 0 0 0 0 0 0.911504 0 0 0 0 0 0 0 0.967378 0.439342 
0.0884956 0 0 0 0 0 0 0 0.911504 0 0 0 0 0 0 0 0.967378 0.439342 
0.0884956 0 0 0 0 0 0 0 0.911504 0 0 0 0 0 0 0 0.967378 0.439342 
0.0884956 0 0 0 0 0 0 0 0.911504 0 0 0 0 0 0 0 0.967378 0.439342 
0.0881057 0 0 0 0 0 0 0 0.911894 0 0 0 0 0 0 0 0.966831 0.438679 
0.0881057 0 0 0 0 0 0 0 0.911894 0 0 0 0 0 0 0 0.966831 0.438679 
0.0881057 0 0 0 0 0 0 0 0.911894 0 0 0 0 0 0 0 0.966831 0.438679 
0.0881057 0 0 0 0 0 0 0 0.911894 0 0 0 0 0 0 0 0.966831 0.438679 
0.0869565 0 0 0 0 0 0 0 0.913043 0 0 0 0 0 0 0 0.965201 0.437291 
0.0869565 0 0 0 0 0 0 0 0.913043 0 0 0 0 0 0 0 0.965201 0.437291 
0.0869565 0 0 0 0 0 0 0 0.913043 0 0 0 0 0 0 0 0.965201 0.437291 
0.0869565 0 0 0 0 0 0 0 0.913043 0 0 0 0 0 0 0 0.965201 0.437291 
0.0873362 0 0 0 0 0 0 0 0.912664 0 0 0 0 0 0 0 0.965597 0.437581 
0.0873362 0 0 0 0 0 0 0 0.912664 0 0 0 0 0 0 0 0.965597 0.437581 
0.0873362 0 0 0 0 0 0 0 0.912664 0 0 0 0 0 0 0 0.965597 0.437581 
0.0873362 0 0 0 0 0 0 0 0.912664 0 0 0 0 0 0 0 0.965597 0.437581 
0.0873362 0 0 0 0 0 0 0 0.912664 0 0 0 0 0 0 0 0.966676 0.438867 
0.0952381 0 0 0 0 0 0 0 0.904762 0 0 0 0 0 0 0 0.966641 0.435067 
0.0873362 0 0 0 0 0 0 0 0.912664 0 0 0 0 0 0 0 0.966676 0.438867 
0.0952381 0 0 0 0 0 0 0 0.904762 0 0 0 0 0 0 0 0.966641 0.435067 
0.0877193 0 0 0 0 0 0 0 0.912281 0 0 0 0 0 0 0 0.967097 0.439677 
0.0956522 0 0 0 0 0 0 0 0.904348 0 0 0 0 0 0 0 0.967059 0.435854 
0.0877193 0 0 0 0 0 0 0 0.912281 0 0 0 0 0 0 0 0.967097 0.439677 
0.0956522 0 0 0 0 0 0 0 0.904348 0 0 0 0 0 0 0 0.967059 0.435854 
0.0869565 0 0 0 0 0 0 0 0.913043 0 0 0 0 0 0 0 0.966207 0.439175 
0.0948276 0 0 0 0 0 0 0 0.905172 0 0 0 0 0 0 0 0.966177 0.435389 
0.0869565 0 0 0 0 0 0 0 0.913043 0 0 0 0 0 0 0 0.966207 0.439175 
0.0948276 0 0 0 0 0 0 0 0.905172 0 0 0 0 0 0 0 0.966177 0.435389 
0.0909091 0 0 0 0 0 0 0 0.909091 0 0 0 0 0 0 0 0.966438 0.437793 
0.0909091 0 0 0 0 0 0 0 0.909091 0 0 0 0 0 0 0 0.966438 0.437793 
0.0909091 0 0 0 0 0 0 0 0.909091 0 0 0 0 0 0 0 0.966438 0.437793 
0.0909091 0 0 0 0 0 0 0 0.909091 0 0 0 0 0 0 0 0.966438 0.437793 
0.0909091 0 0 0 0 0 0 0 0.909091 0 0 0 0 0 0 0 0.965742 0.437 
0.0909091 0 0 0 0 0 0 0 0.909091 0 0 0 0 0 0 0 0.965742 0.437 
0.0909091 0 0 0 0 0 0 0 0.909091 0 0 0 0 0 0 0 0.965742 0.437 
0.0909091 0 0 0 0 0 0 0 0.909091 0 0 0 0 0 0 0 0.965742 0.437 
0.0905172 0 0 0 0 0 0 0 0.909483 0 0 0 0 0 0 0 0.964689 0.436108 
0.0905172 0 0 0 0 0 0 0 0.909483 0 0 0 0 0 0 0 0.964689 0.436108 
0.0905172 0 0 0 0 0 0 0 0.909483 0 0 0 0 0 0 0 0.964689 0.436108 
0.0905172 0 0 0 0 0 0 0 0.909483 0 0 0 0 0 0 0 0.964689 0.436108 
0.0789474 0 0 0 0 0 0 0 0.916667 0.00438596 0 0 0 0 0 0 0.965257 0.442354 
0.0869565 0 0 0 0 0 0 0 0.908696 0.00434783 0 0 0 0 0 0 0.965235 0.438507 
0.0789474 0 0 0 0 0 0 0 0.916667 0.00438596 0 0 0 0 0 0 0.965257 0.442354 
0.0869565 0 0 0 0 0 0 0 0.908696 0.00434783 0 0 0 0 0 0 0.965235 0.438507 
0.0829694 0 0 0 0 0 0 0 0.908297 0.00873362 0 0 0 0 0 0 0.964107 0.440396 
0.0869565 0 0 0 0 0 0 0 0.904348 0.00869565 0 0 0 0 0 0 0.964092 0.438481 
0.0829694 0 0 0 0 0 0 0 0.908297 0.00873362 0 0 0 0 0 0 0.964107 0.440396 
0.0869565 0 0 0 0 0 0 0 0.904348 0.00869565 0 0 0 0 0 0 0.964092 0.438481 
0.0792952 0 0 0 0 0 0 0 0.9163 0.00440529 0 0 0 0 0 0 0.965449 0.442938 
0.0833333 0 0 0 0 0 0 0 0.912281 0.00438596 0 0 0 0 0 0 0.965429 0.440995 
0.0792952 0 0 0 0 0 0 0 0.9163 0.00440529 0 0 0 0 0 0 0.965449 0.442938 
0.0833333 0 0 0 0 0 0 0 0.912281 0.00438596 0 0 0 0 0 0 0.965429 0.440995 
0.0792952 0 0 0 0 0 0 0 0.9163 0.00440529 0 0 0 0 0 0 0.965449 0.442881 
0.0833333 0 0 0 0 0 0 0 0.912281 0.00438596 0 0 0 0 0 0 0.965429 0.440939 
0.0792952 0 0 0 0 0 0 0 0.9163 0.00440529 0 0 0 0 0 0 0.965449 0.442881 
0.0833333 0 0 0 0 0 0 0 0.912281 0.00438596 0 0 0 0 0 0 0.965429 0.440939 
0.0789474 0 0 0 0 0 0 0 0.916667 0.00438596 0 0 0 0 0 0 0.965394 0.442775 
0.0829694 0 0 0 0 0 0 0 0.912664 0.00436681 0 0 0 0 0 0 0.965374 0.440841 
0.0789474 0 0 0 0 0 0 0 0.916667 0.00438596 0 0 0 0 0 0 0.965394 0.442775 
0.0829694 0 0 0 0 0 0 0 0.912664 0.00436681 0 0 0 0 0 0 0.965374 0.440841 
0.0792952 0 0 0 0 0 0 0 0.9163 0.00440529 0 0 0 0 0 0 0.965121 0.442415 
0.0833333 0 0 0 0 0 0 0 0.912281 0.00438596 0 0 0 0 0 0 0.965102 0.440475 
0.0792952 0 0 0 0 0 0 0 0.9163 0.00440529 0 0 0 0 0 0 0.965121 0.442415 
0.0833333 0 0 0 0 0 0 0 0.912281 0.00438596 0 0 0 0 0 0 0.965102 0.440475 
0.079646 0 0 0 0 0 0 0 0.915929 0.00442478 0 0 0 0 0 0 0.965175 0.442414 
0.0837004 0 0 0 0 0 0 0 0.911894 0.00440529 0 0 0 0 0 0 0.965155 0.440465 
0.079646 0 0 0 0 0 0 0 0.915929 0.00442478 0 0 0 0 0 0 0.965175 0.442414 
0.0837004 0 0 0 0 0 0 0 0.911894 0.00440529 0 0 0 0 0 0 0.965155 0.440465 
0.0803571 0 0 0 0 0 0 0 0.915179 0.00446429 0 0 0 0 0 0 0.966439 0.443917 
0.0844444 0 0 0 0 0 0 0 0.911111 0.00444444 0 0 0 0 0 0 0.966414 0.441944 
0.0803571 0 0 0 0 0 0 0 0.915179 0.00446429 0 0 0 0 0 0 0.966439 0.443917 
0.0844444 0 0 0 0 0 0 0 0.911111 0.00444444 0 0 0 0 0 0 0.966414 0.441944 
0.0633484 0 0 0 0 0 0 0 0.927602 0.00904977 0 0 0 0 0 0 0.965256 0.450723 
0.0840708 0 0 0 0 0 0 0 0.90708 0.00884956 0 0 0 0 0 0 0.965296 0.440752 
0.0633484 0 0 0 0 0 0 0 0.927602 0.00904977 0 0 0 0 0 0 0.965256 0.450723 
0.0840708 0 0 0 0 0 0 0 0.90708 0.00884956 0 0 0 0 0 0 0.965296 0.440752 
0.0810811 0 0 0 0 0 0 0 0.914414 0.0045045 0 0 0 0 0 0 0.967992 0.444588 
0.0852018 0 0 0 0 0 0 0 0.910314 0.0044843 0 0 0 0 0 0 0.96796 0.442594 
0.0810811 0 0 0 0 0 0 0 0.914414 0.0045045 0 0 0 0 0 0 0.967992 0.444588 
0.0852018 0 0 0 0 0 0 0 0.910314 0.0044843 0 0 0 0 0 0 0.96796 0.442594 
0.0807175 0 0 0 0 0 0 0 0.914798 0.0044843 0 0 0 0 0 0 0.967063 0.444262 
0.0888889 0 0 0 0 0 0 0 0.906667 0.00444444 0 0 0 0 0 0 0.967042 0.440313 
0.0807175 0 0 0 0 0 0 0 0.914798 0.0044843 0 0 0 0 0 0 0.967063 0.444262 
0.0888889 0 0 0 0 0 0 0 0.906667 0.00444444 0 0 0 0 0 0 0.967042 0.440313 
0.0852018 0 0 0 0 0 0 0 0.910314 0.0044843 0 0 0 0 0 0 0.968065 0.44268 
0.0892857 0 0 0 0 0 0 0 0.90625 0.00446429 0 0 0 0 0 0 0.968033 0.440704 
0.0852018 0 0 0 0 0 0 0 0.910314 0.0044843 0 0 0 0 0 0 0.968065 0.44268 
0.0892857 0 0 0 0 0 0 0 0.90625 0.00446429 0 0 0 0 0 0 0.968033 0.440704 
0.0844444 0 0 0 0 0 0 0 0.911111 0.00444444 0 0 0 0 0 0 0.966833 0.441697 
0.0884956 0 0 0 0 0 0 0 0.90708 0.00442478 0 0 0 0 0 0 0.966806 0.439742 
0.0844444 0 0 0 0 0 0 0 0.911111 0.00444444 0 0 0 0 0 0 0.966833 0.441697 
0.0884956 0 0 0 0 0 0 0 0.90708 0.00442478 0 0 0 0 0 0 0.966806 0.439742 
0.0837004 0 0 0 0 0 0 0 0.907489 0.00881057 0 0 0 0 0 0 0.966261 0.44172 
0.0837004 0 0 0 0 0 0 0 0.907489 0.00881057 0 0 0 0 0 0 0.966261 0.44172 
0.0837004 0 0 0 0 0 0 0 0.907489 0.00881057 0 0 0 0 0 0 0.966261 0.44172 
0.0837004 0 0 0 0 0 0 0 0.907489 0.00881057 0 0 0 0 0 0 0.966261 0.44172 
0.0755556 0 0 0 0 0 0 0 0.915556 0.00888889 0 0 0 0 0 0 0.967111 0.445799 
0.079646 0 0 0 0 0 0 0 0.911504 0.00884956 0 0 0 0 0 0 0.967083 0.443826 
0.0755556 0 0 0 0 0 0 0 0.915556 0.00888889 0 0 0 0 0 0 0.967111 0.445799 
0.079646 0 0 0 0 0 0 0 0.911504 0.00884956 0 0 0 0 0 0 0.967083 0.443826 
0.0755556 0 0 0 0 0 0 0 0.92 0.00444444 0 0 0 0 0 0 0.967495 0.445607 
0.079646 0 0 0 0 0 0 0 0.915929 0.00442478 0 0 0 0 0 0 0.967465 0.443636 
0.0755556 0 0 0 0 0 0 0 0.92 0.00444444 0 0 0 0 0 0 0.967495 0.445607 
0.079646 0 0 0 0 0 0 0 0.915929 0.00442478 0 0 0 0 0 0 0.967465 0.443636 
0.0762332 0 0 0 0 0 0 0 0.919283 0.0044843 0 0 0 0 0 0 0.968417 0.44677 
0.0803571 0 0 0 0 0 0 0 0.915179 0.00446429 0 0 0 0 0 0 0.968383 0.444776 
0.0762332 0 0 0 0 0 0 0 0.919283 0.0044843 0 0 0 0 0 0 0.968417 0.44677 
0.0803571 0 0 0 0 0 0 0 0.915179 0.00446429 0 0 0 0 0 0 0.968383 0.444776 
0.0765766 0 0 0 0 0 0 0 0.918919 0.0045045 0 0 0 0 0 0 0.968769 0.446857 
0.0807175 0 0 0 0 0 0 0 0.914798 0.0044843 0 0 0 0 0 0 0.968733 0.444853 
0.0765766 0 0 0 0 0 0 0 0.918919 0.0045045 0 0 0 0 0 0 0.968769 0.446857 
0.0807175 0 0 0 0 0 0 0 0.914798 0.0044843 0 0 0 0 0 0 0.968733 0.444853 
0.0765766 0 0 0 0 0 0 0 0.918919 0.0045045 0 0 0 0 0 0 0.966367 0.445243 
0.0807175 0 0 0 0 0 0 0 0.914798 0.0044843 0 0 0 0 0 0 0.966342 0.443246 
0.0765766 0 0 0 0 0 0 0 0.918919 0.0045045 0 0 0 0 0 0 0.966367 0.445243 
0.0807175 0 0 0 0 0 0 0 0.914798 0.0044843 0 0 0 0 0 0 0.966342 0.443246 
0.0765766 0 0 0 0 0 0 0 0.918919 0.0045045 0 0 0 0 0 0 0.96642 0.445341 
0.0807175 0 0 0 0 0 0 0 0.914798 0.0044843 0 0 0 0 0 0 0.966394 0.443344 
0.0765766 0 0 0 0 0 0 0 0.918919 0.0045045 0 0 0 0 0 0 0.96642 0.445341 
0.0807175 0 0 0 0 0 0 0 0.914798 0.0044843 0 0 0 0 0 0 0.966394 0.443344 
0.0765766 0 0 0 0 0 0 0 0.918919 0.0045045 0 0 0 0 0 0 0.966561 0.445466 
0.0807175 0 0 0 0 0 0 0 0.914798 0.0044843 0 0 0 0 0 0 0.966535 0.443468 
0.0765766 0 0 0 0 0 0 0 0.918919 0.0045045 0 0 0 0 0 0 0.966561 0.445466 
0.0807175 0 0 0 0 0 0 0 0.914798 0.0044843 0 0 0 0 0 0 0.966535 0.443468 
0.0755556 0 0 0 0 0 0 0 0.92 0.00444444 0 0 0 0 0 0 0.965874 0.444769 
0.079646 0 0 0 0 0 0 0 0.915929 0.00442478 0 0 0 0 0 0 0.965851 0.442801 
0.0755556 0 0 0 0 0 0 0 0.92 0.00444444 0 0 0 0 0 0 0.965874 0.444769 
0.079646 0 0 0 0 0 0 0 0.915929 0.00442478 0 0 0 0 0 0 0.965851 0.442801 
0.0755556 0 0 0 0 0 0 0 0.92 0.00444444 0 0 0 0 0 0 0.966275 0.445123 
0.079646 0 0 0 0 0 0 0 0.915929 0.00442478 0 0 0 0 0 0 0.966251 0.443154 
0.0755556 0 0 0 0 0 0 0 0.92 0.00444444 0 0 0 0 0 0 0.966275 0.445123 
0.079646 0 0 0 0 0 0 0 0.915929 0.00442478 0 0 0 0 0 0 0.966251 0.443154 
0.08 0 0 0 0 0 0 0 0.915556 0.00444444 0 0 0 0 0 0 0.966257 0.442932 
0.0840708 0 0 0 0 0 0 0 0.911504 0.00442478 0 0 0 0 0 0 0.966233 0.440972 
0.08 0 0 0 0 0 0 0 0.915556 0.00444444 0 0 0 0 0 0 0.966257 0.442932 
0.0840708 0 0 0 0 0 0 0 0.911504 0.00442478 0 0 0 0 0 0 0.966233 0.440972 
0.08 0 0 0 0 0 0 0 0.915556 0.00444444 0 0 0 0 0 0 0.96631 0.442725 
0.0840708 0 0 0 0 0 0 0 0.911504 0.00442478 0 0 0 0 0 0 0.966285 0.440766 
0.08 0 0 0 0 0 0 0 0.915556 0.00444444 0 0 0 0 0 0 0.96631 0.442725 
0.0840708 0 0 0 0 0 0 0 0.911504 0.00442478 0 0 0 0 0 0 0.966285 0.440766 
0.079646 0 0 0 0 0 0 0 0.915929 0.00442478 0 0 0 0 0 0 0.965088 0.441858 
0.0837004 0 0 0 0 0 0 0 0.911894 0.00440529 0 0 0 0 0 0 0.965069 0.439912 
0.079646 0 0 0 0 0 0 0 0.915929 0.00442478 0 0 0 0 0 0 0.965088 0.441858 
0.0837004 0 0 0 0 0 0 0 0.911894 0.00440529 0 0 0 0 0 0 0.965069 0.439912 
0.0755556 0 0 0 0 0 0 0 0.92 0.00444444 0 0 0 0 0 0 0.965037 0.44301 
0.0755556 0 0 0 0 0 0 0 0.92 0.00444444 0 0 0 0 0 0 0.965037 0.44301 
0.0755556 0 0 0 0 0 0 0 0.92 0.00444444 0 0 0 0 0 0 0.965037 0.44301 
0.0755556 0 0 0 0 0 0 0 0.92 0.00444444 0 0 0 0 0 0 0.965037 0.44301 
0.0755556 0 0 0 0 0 0 0 0.92 0.00444444 0 0 0 0 0 0 0.964427 0.442329 
0.0755556 0 0 0 0 0 0 0 0.92 0.00444444 0 0 0 0 0 0 0.964427 0.442329 
0.0755556 0 0 0 0 0 0 0 0.92 0.00444444 0 0 0 0 0 0 0.964427 0.442329 
0.0755556 0 0 0 0 0 0 0 0.92 0.00444444 0 0 0 0 0 0 0.964427 0.442329 
0.0758929 0 0 0 0 0 0 0 0.919643 0.00446429 0 0 0 0 0 0 0.964269 0.442549 
0.0758929 0 0 0 0 0 0 0 0.919643 0.00446429 0 0 0 0 0 0 0.964269 0.442549 
0.0758929 0 0 0 0 0 0 0 0.919643 0.00446429 0 0 0 0 0 0 0.964269 0.442549 
0.0758929 0 0 0 0 0 0 0 0.919643 0.00446429 0 0 0 0 0 0 0.964269 0.442549 
0.0758929 0 0 0 0 0 0 0 0.919643 0.00446429 0 0 0 0 0 0 0.964058 0.442323 
0.0758929 0 0 0 0 0 0 0 0.919643 0.00446429 0 0 0 0 0 0 0.964058 0.442323 
0.0758929 0 0 0 0 0 0 0 0.919643 0.00446429 0 0 0 0 0 0 0.964058 0.442323 
0.0758929 0 0 0 0 0 0 0 0.919643 0.00446429 0 0 0 0 0 0 0.964058 0.442323 
0.0758929 0 0 0 0 0 0 0 0.919643 0.00446429 0 0 0 0 0 0 0.964374 0.442616 
0.0758929 0 0 0 0 0 0 0 0.919643 0.00446429 0 0 0 0 0 0 0.964374 0.442616 
0.0758929 0 0 0 0 0 0 0 0.919643 0.00446429 0 0 0 0 0 0 0.964374 0.442616 
0.0758929 0 0 0 0 0 0 0 0.919643 0.00446429 0 0 0 0 0 0 0.964374 0.442616 
0.0758929 0 0 0 0 0 0 0 0.919643 0.00446429 0 0 0 0 0 0 0.964006 0.441932 
0.0758929 0 0 0 0 0 0 0 0.919643 0.00446429 0 0 0 0 0 0 0.964006 0.441932 
0.0758929 0 0 0 0 0 0 0 0.919643 0.00446429 0 0 0 0 0 0 0.964006 0.441932 
0.0758929 0 0 0 0 0 0 0 0.919643 0.00446429 0 0 0 0 0 0 0.964006 0.441932 
0.08 0 0 0 0 0 0 0 0.915556 0.00444444 0 0 0 0 0 0 0.963922 0.440298 
0.08 0 0 0 0 0 0 0 0.915556 0.00444444 0 0 0 0 0 0 0.963922 0.440298 
0.08 0 0 0 0 0 0 0 0.915556 0.00444444 0 0 0 0 0 0 0.963922 0.440298 
0.08 0 0 0 0 0 0 0 0.915556 0.00444444 0 0 0 0 0 0 0.963922 0.440298 
0.0792952 0 0 0 0 0 0 0 0.9163 0.00440529 0 0 0 0 0 0 0.963963 0.44027 
0.0792952 0 0 0 0 0 0 0 0.9163 0.00440529 0 0 0 0 0 0 0.963963 0.44027 
0.0792952 0 0 0 0 0 0 0 0.9163 0.00440529 0 0 0 0 0 0 0.963963 0.44027 
0.0792952 0 0 0 0 0 0 0 0.9163 0.00440529 0 0 0 0 0 0 0.963963 0.44027 